  604484.805       -1.114       -0.351       -2.191      -20.628
  929949.700        0.791        5.165      -20.915      -24.553
  904609.708       -1.468       -6.333       17.126        5.374
  618199.801       -0.791        4.571       -6.761      -17.129
  535089.827        1.348       -2.535       -2.099      -15.690
  666669.785       -0.755        4.840      -11.695       -9.986
  520609.832       -1.126       -1.597       -4.801       -8.004
  869479.720       -0.441       -6.898        2.797       12.471
  795714.743       -0.294      -18.045        3.046       10.275
  773844.750        1.923      -15.334       10.310       28.575
  946564.695       -0.883        2.961      -13.219       -7.294
  753799.757        1.457       -7.138       11.507        2.564
  940194.697       -0.329      -15.462       -4.800       -1.153
  581199.813       -1.838      -15.833       16.415       21.632
  985284.682        0.068      -30.410       17.543       35.676
  565144.818        1.599       -7.770        7.185        2.479
  577874.814       -0.830        3.274      -14.979      -27.195
  753979.757        0.688        4.540      -20.381      -22.073
  843019.728        1.610      -10.445        3.855        7.859
  969909.687       -0.709        3.893       -6.873       -4.390
  512839.835       -1.571      -12.984        2.934        9.568
  959354.691       -1.035        0.788       -5.932       -9.729
  983139.683       -0.812        3.960       -0.230        2.260
  694889.776        1.027        1.515       -3.172        0.421
  773499.750        1.914      -15.480       10.513       15.875
  848084.726       -1.686      -12.099       13.365        4.498
  616839.801       -1.731      -12.765       11.941       12.425
  659634.787       -0.969        3.452      -10.392       -0.137
  951314.693        1.443       -7.402        7.999        2.865
  671569.783        0.773        4.558       -7.681      -25.748
  887534.714        1.219       -3.702       -9.061      -13.422
  532009.828       -0.904        3.210      -19.393      -23.779
  612914.802       -0.244      -22.223        6.876       13.746
  906284.708       -1.178       -0.092       -3.504      -10.202
  922014.703        0.513       -2.455      -15.177       14.683
  629179.797       -0.875        4.486      -12.393      -24.745
  875909.717       -1.255       -2.501       -8.136        2.256
  920069.703       -0.240      -21.897       14.153       10.312
  805569.740        0.229      -22.824       21.126       15.552
  714139.770       -0.301      -17.532        2.163       10.952
  602574.806        0.142      -27.305        6.898       17.555
  872359.719       -0.021      -29.774       13.956       24.500
  629059.797       -0.928        3.795       -5.498      -10.282
  529259.829       -1.590      -12.809        2.507        3.901
  723374.767        0.797        4.856       -6.752       -9.862
  820384.735        1.649      -11.657       12.578       33.700
  550354.822       -0.201      -23.409        6.543       14.322
  955014.692       -0.868        3.141       -7.904      -24.860
  782989.747        1.488       -8.661        9.341        4.979
  798994.742        0.705        4.355        3.954       -9.151
  880984.716        1.129       -2.194       -8.814       -5.786
  789439.745       -0.769        4.536      -18.274      -12.380
  801959.741        0.442       -7.351       -0.546       19.492
  684864.779       -0.574        0.690      -18.807      -22.807
  655739.788        0.131      -28.177       25.693       24.239
  688739.778        1.341       -5.780        0.235       -4.740
  685639.779       -0.741        4.887      -19.086      -15.080
  948434.694       -1.128       -0.588       -4.221      -16.195
  961149.690        0.301      -17.036        5.074       16.605
  563349.818        1.424       -4.731       11.180       -5.350
  744679.760        0.566        0.358      -18.993      -15.573
  733359.763        0.395      -11.142        3.456        7.449
  733894.763       -0.790        4.470      -17.644      -24.227
  561719.819        0.712        3.797      -15.614      -14.029
  774124.750        1.740      -12.756       21.199       29.287
  996059.679       -1.450       -8.879       11.708        2.832
  508549.836        1.272       -0.456       -8.011      -13.833
  826869.733       -1.957      -14.002       18.674       30.151
  709144.771       -1.758      -10.585        7.179       13.494
  881469.716       -0.525       -1.418        1.171       -9.736
  883444.715        0.446       -6.680       -8.892        3.302
  521434.832        0.807        5.039       -7.782      -10.934
  885844.714        0.852        4.021      -13.247      -12.503
  693549.776        1.598       -9.880        3.279        7.134
  673679.783        0.543       -1.417       -6.194        6.501
  907504.707        0.076      -29.297       10.452       15.861
  539464.826       -0.101      -29.371       15.379       30.287
  697159.775       -0.488       -4.065       -2.937       -1.175
  879919.716        0.452       -6.480       -9.538       -5.933
  687729.778        0.671        3.605      -20.041      -13.878
  557634.820       -1.642      -12.340        4.280       20.406
  948964.694       -0.960        2.060      -15.458      -26.146
  753509.757        1.491       -7.989        9.908        0.501
  886649.714       -0.463       -5.189       -2.064       -8.263
  837224.730        1.136       -1.720       -3.766      -12.574
  770969.751       -1.410       -4.714       18.161       -3.824
  812804.738       -0.548       -0.838      -11.521      -10.344
  937199.698        1.354       -5.361       -5.087       -5.370
  893274.712       -1.584      -10.891       13.060       22.812
  627834.797       -0.215      -23.321        7.655       10.424
  677044.782       -1.104        0.200       -2.684       -6.858
  843499.728        1.370       -5.996       -1.535       -9.947
  837169.730        1.155       -2.163       -1.059       -6.629
  745244.760        0.738        5.059      -17.229      -19.860
  525894.830       -0.939        1.871      -11.693      -26.439
  550964.822        0.300      -18.023        2.290       14.022
  541709.825        0.712        4.301      -18.403      -23.440
  605849.805        1.494       -7.171        8.743        6.965
  998924.678       -1.482       -9.507       10.042       -6.022
  658404.788       -0.386      -11.943        7.641       21.141
  843394.728        1.437       -7.297        3.826       -0.387
  642779.793        0.618        1.586       -8.624       -1.586
  731399.764       -1.835      -12.296        7.654       14.421
  795814.743       -0.524       -2.142       -8.294       16.563
  878884.716       -1.352       -4.620       -3.061      -13.243
  748709.758       -1.510       -8.156       13.814        5.962
  718519.768        1.966      -16.285       16.146       21.356
  554109.821       -1.585      -12.186        9.572       15.609
  718914.768        1.083        0.319       -9.861      -15.438
  602004.806       -0.027      -30.873       19.051       20.810
  808389.739       -1.424       -6.199        1.808       -4.481
  994999.679       -0.082      -29.883       13.904       22.805
  970009.687       -0.870        3.467      -21.473      -18.167
  913764.705        0.993        1.571      -14.989      -21.329
  897644.710       -1.508       -8.424        3.680        2.589
  558439.820        1.342       -3.478        1.905       -7.418
  776104.750       -0.510       -2.967       -7.463        2.652
  924799.702        1.456       -8.162        7.878       12.914
  856189.724        1.818      -13.680       18.246        3.007
  875144.718       -1.782      -13.670       17.962       15.130
  937859.697        0.720        5.026       -9.593      -19.774
  823454.734       -0.710        4.365      -17.484        0.001
  794864.744        0.053      -29.975       22.509       15.256
  919674.703       -0.692        3.852       -7.344      -13.456
  733174.763        0.878        4.172      -17.459      -25.488
  725799.766        0.886        4.425      -21.247      -22.788
  693319.776        1.586       -9.752        4.896        9.010
  513099.834       -0.912        1.313      -10.147      -15.771
  632834.796        0.955        2.657       -6.855      -13.238
  809979.739       -0.970        2.790      -14.089      -16.628
  798604.742       -0.446       -6.820      -12.009       -6.792
  553984.821       -1.609      -12.933        7.629        4.197
  672179.783        1.508       -7.327        3.290        6.573
  970739.687        0.714        4.830       -4.016       -7.150
  757904.756       -0.824        3.921      -11.069      -15.878
  648629.791        1.056        1.902       -3.675      -16.762
  618869.800       -1.124        0.270      -11.660      -22.772
  831474.732        0.962        1.801      -13.547      -26.917
  791939.745       -0.656        3.060      -13.253      -12.126
  968409.688       -1.509       -8.531        1.227       -8.234
  727389.765       -0.157      -27.197       18.134       26.942
  912834.706        0.602        1.739       -3.839      -14.132
  826349.733       -1.726      -11.502        9.703       12.484
  500714.838        1.636       -9.826        4.734        5.760
  723789.767        1.943      -15.313       23.707        9.572
  967679.688       -1.069        0.022      -11.626      -23.233
  901149.709       -1.439       -6.102       -0.336        1.462
  838954.729        0.648        2.936       -9.897        2.663
  841229.729        1.601      -10.766        3.645       -5.341
  905794.708       -0.828        4.775      -14.843      -25.838
  905019.708       -1.107        0.823        0.308      -13.169
  791104.745        0.859        4.053      -17.539      -21.463
  846184.727       -0.559        0.110       -9.470      -14.624
  982014.683        0.711        4.731       -6.863       -9.356
  516949.833       -1.709      -15.719        5.567       13.575
  739224.762       -0.799        4.397      -17.461      -25.574
  777129.749       -1.450       -5.747        1.991       -3.143
  734764.763        1.160       -0.845       -1.397       -9.115
  521104.832        0.406       -9.986       -4.868       12.633
  642484.793       -0.928        3.489       -5.605      -25.607
  921849.703        0.519       -2.181      -11.737        1.018
  957389.691       -1.678      -12.046       11.438       14.645
  858089.723        1.861      -13.533        7.003       14.350
  635769.795        1.913      -12.981       16.308       24.739
  827889.733       -0.347      -14.111        1.090       -5.860
  579959.813       -1.245       -3.191        0.148      -13.102
  664669.786        0.107      -29.027       25.798       27.487
  905044.708       -1.032        1.937       -4.040       -6.856
  733684.763       -0.046      -30.194       15.307       19.745
  545194.824       -1.917      -18.032       13.429       28.365
  915634.705        0.922        3.349        3.479      -12.647
  518514.833       -1.195       -3.570       -5.398      -16.740
  910884.706        1.233       -4.043       10.085       -5.645
  554934.821       -1.295       -3.922       -2.434       -1.564
  779504.749       -0.976        3.107       -7.046      -18.092
  547339.823       -1.234       -3.452       -1.954      -12.416
  562599.819        0.864        4.087      -11.428      -11.669
  585779.811       -1.026        1.242       -8.821      -18.635
  694504.776        1.131       -0.564       -4.775      -17.185
  823834.734       -0.954        2.876       -8.187      -16.297
  648744.791        0.866        4.401        1.149      -17.052
  705989.772       -1.705      -10.810       11.106       14.328
  570914.816       -1.818      -15.500        5.788       22.366
  606354.804        1.547       -7.886       -3.140       -4.271
  508559.836        1.311       -1.187       -5.960      -15.548
  505289.837        1.944      -12.998        7.800       22.250
  651429.790       -1.077        1.004       -4.775       -8.044
  800559.742       -0.712        4.340       -7.180      -14.417
  626414.798        0.635        1.957        3.496       -1.011
  763004.754       -1.411       -6.396       -3.443      -12.256
  500049.839        1.095        1.530      -12.153       -8.346
  670834.784       -1.898      -13.009       10.784       18.418
  643029.793        0.731        4.271      -17.730      -14.741
  864329.721       -1.604      -10.476        0.985        5.416
  655199.789       -1.325       -3.608       -0.641      -13.170
  681324.780        0.078      -29.167       22.708       40.328
  837899.730        0.494       -4.351       -7.457       -5.475
  845504.727        0.475       -5.308       -3.171        3.896
  747119.759        0.295      -17.510       10.190       12.369
  906379.708       -1.121        0.857      -10.308        1.673
  623704.799       -1.583       -9.429       13.545       15.100
  565599.818        1.294       -1.827       -0.280      -10.785
  678034.781       -1.616      -10.661       21.659       13.157
  983264.683       -0.318      -16.977        7.038        6.830
  813689.738       -1.520       -7.839        8.810        0.965
  976204.685        1.646      -11.871        8.529        0.347
  878504.717       -1.881      -14.508        6.476       17.014
  981749.683        0.716        4.755       -1.935       -7.879
  876904.717       -1.477       -7.838        5.273       16.620
  944509.695        1.635      -11.409        8.573       12.894
  517034.833       -1.804      -17.040       15.350       21.118
  543964.825       -0.254      -19.647       19.760       22.543
  578054.814       -1.288       -4.600       -3.989      -12.127
  561819.819        1.047        1.558      -11.299      -10.021
  594259.808        1.932      -13.811       14.335       21.139
  789329.745       -0.573        0.052      -15.495       -6.588
  844009.728       -0.265      -20.409       13.147       16.386
  826934.733       -1.937      -13.775       17.958        9.914
  984234.682       -0.449       -7.193       -0.959        7.287
  802714.741        1.526      -10.393        9.457        1.710
  773229.751        1.714      -12.841        7.537       15.609
  555589.821       -1.806      -15.926        9.367       15.871
  969139.687       -0.592        0.850       -8.059        3.275
  637319.794        0.948        3.244       -9.984      -22.725
  869314.720       -0.502       -2.920       -8.853       -4.047
  574064.815        0.997        2.522      -11.025      -13.646
  684409.779        0.713        4.381      -12.371      -18.199
  662584.786       -0.234      -23.327        8.817       20.941
  885479.714        1.185       -2.996        0.824      -18.098
  765549.753       -0.901        3.303       -8.755      -15.222
  852814.725       -0.188      -25.028       28.356       15.005
  967979.688       -1.022        0.858       -9.249       -8.109
  739799.761        0.411       -9.512        0.207        9.143
  650964.790       -1.812      -11.898        3.519       20.445
  734524.763        0.832        4.629       -8.942       -8.162
  556024.821       -1.836      -15.890        5.363        9.443
  595249.808        0.987        3.047        1.986      -11.477
  869829.719       -0.155      -26.490       13.045       16.506
  695729.776       -1.782      -14.354        7.608       18.596
  798329.742       -0.408       -9.532       -5.385       -0.133
  612839.802       -0.109      -29.394       15.462       27.563
  887659.714        1.654      -11.285        8.263        9.195
  591539.809        1.468       -6.277       14.698       -1.160
  846369.727       -0.553       -0.122      -12.573       -3.585
  755949.756        0.009      -29.943       11.449       26.327
  973309.686        0.502       -2.922       -3.429       -9.412
  616254.801       -1.860      -14.571        9.547       44.458
  628219.797       -1.008        2.523       -0.885      -15.914
  893434.712       -1.402       -6.576        3.927       -9.744
  655719.788        0.051      -30.551       31.644       16.087
  501454.838        2.000      -14.543       10.015       29.831
  986784.682       -0.418       -8.991      -10.306       17.483
  722534.767        1.218       -1.555        2.189      -11.454
  849849.726       -0.526       -1.611        2.913        4.845
  681024.780        0.694        4.216      -23.017      -22.597
  921654.703       -0.122      -28.009       13.095       13.576
  521829.832        1.162        0.741      -10.232      -13.223
  874884.718       -1.098        0.433       -0.163        0.068
  943734.696        1.075        0.404      -11.368      -12.219
  948754.694       -0.622        1.894      -13.860      -12.762
  854944.724        1.914      -15.548        5.613       16.086
  591384.809        1.846      -12.658        9.065       18.756
  744589.760        0.255      -20.268        4.617        3.767
  956824.691       -1.473       -8.160       11.087        3.384
  667419.785        0.832        4.243       -4.304      -21.608
  866759.720        0.208      -23.892       16.220       12.085
  885194.714        1.524       -9.260        0.944        4.030
  984139.683       -0.663        3.091      -22.308      -24.626
  923864.702        0.621        2.745      -15.711       -7.191
  845144.727        0.528       -2.079       -9.106        5.689
  988784.681        1.893      -14.882        7.797       33.025
  790014.745        0.891        3.573      -15.700      -10.240
  687864.778        0.097      -28.387       21.865       21.448
  574349.815        0.276      -19.394       15.336       23.697
  949339.694        0.039      -29.670       24.790       28.883
  900774.709       -1.435       -6.201        6.581       -1.300
  921549.703        0.119      -28.114        8.300       30.817
  748509.759       -1.638      -10.259        9.370       11.652
  649184.791        0.424       -9.197       -6.914      -10.363
  629849.797        1.007        1.602       -0.639      -15.068
  809864.739       -0.667        3.410       -1.157       10.717
  800999.742       -0.452       -6.615       -6.057       -4.051
  626114.798        0.273      -20.101        6.783        8.529
  871299.719       -0.085      -28.939       18.659       25.994
  712684.770        0.856        3.918      -11.476      -24.211
  872729.718        0.664        3.623      -14.115      -13.490
  791989.745       -0.370      -12.610       -1.029        1.834
  765434.753       -0.304      -17.476        8.331        9.782
  585339.811       -1.587      -10.242        3.780       13.479
  532094.828       -0.755        4.571      -17.651      -21.546
  508404.836        0.659        3.602      -10.226       -5.764
  871409.719        0.744        4.520      -18.194      -14.740
  553624.821       -1.372       -6.862        8.630        0.856
  863634.721        1.976      -13.684       11.832       13.039
  771754.751       -0.558       -0.756      -15.218       -4.246
  890659.713       -0.503       -2.525       -1.970        3.033
  738909.762       -0.092      -29.081       11.000        9.928
  764104.754       -1.453       -7.061        6.404       -0.359
  956199.692       -0.438       -7.727       -0.502        6.776
  888154.713        1.079       -0.608       -7.039       -6.561
  676644.782       -0.495       -4.134      -14.190        3.120
  666189.785       -0.200      -24.881       20.084       22.521
  922139.703        0.892        3.778      -11.350        9.630
  939039.697       -0.274      -19.752        8.429        0.223
  577054.814        0.164      -26.176       19.257       35.188
  910739.706        1.119       -1.765        7.478      -18.421
  613669.802       -0.405      -10.132       -5.260        0.582
  818384.736        1.474       -8.926        2.503        8.702
  897579.710       -1.683      -11.893        6.346       11.569
  530024.829       -1.677      -13.872        3.418       18.619
  685874.779       -0.341      -13.981        7.755        2.983
  747409.759       -0.986        1.888       -8.227      -11.458
  518709.833       -0.946        1.376       -7.448      -14.237
  542149.825       -0.552       -0.268      -18.107       -8.056
  995624.679        1.057        1.484       -9.681        0.873
  615244.802       -1.127       -0.654       -2.915      -17.156
  773179.751        1.503       -8.860       11.808       13.152
  838994.729        0.697        4.034      -13.750      -20.825
  875784.717       -1.755      -13.182       20.848       15.754
  593784.808        0.949        3.420       -9.384      -20.062
  685104.779       -0.614        2.366      -14.365       -5.345
  922939.702        0.919        3.489      -12.153       -2.778
  723409.767        0.954        3.403       -1.473       -5.432
  772114.751       -0.497       -3.934        3.378        0.175
  688954.778        1.550       -9.941       -1.988        9.989
  507029.836       -0.639        1.336       -9.694       -1.836
  616869.801       -1.747      -12.961       13.697       20.647
  557954.820       -0.902        3.653      -10.811      -22.347
  622999.799       -1.838      -13.068       13.903       26.432
  790214.745        0.652        2.965      -19.266      -13.832
  514074.834        0.408       -9.545       19.955        2.558
  749474.758        0.280      -18.512        4.849       24.047
  688779.778        1.395       -6.900       -2.452        0.555
  668279.784        0.156      -26.973       20.998       16.319
  905634.708       -0.911        3.846       -5.975      -17.135
  888734.713        0.014      -30.038       15.522       26.112
  504529.837        1.346       -1.867       22.290       15.557
  741439.761       -1.499       -8.286       -1.811       -5.472
  551594.822       -1.149       -1.649        3.879       -9.214
  547154.823       -1.390       -7.657        4.368        2.667
  651979.790       -1.719      -10.801       17.659       18.090
  534679.828        1.324       -2.205        2.949        1.973
  883574.715        0.512       -2.393       -3.744       -9.656
  841119.729        1.223       -3.389       -3.790      -12.220
  673344.783        0.979        2.660       -9.926      -12.111
  986549.682       -0.429       -8.263       -4.113        3.753
  959119.691       -1.518       -8.575        3.335        0.356
  795044.744       -0.529       -2.106       -9.810      -13.921
  513399.834        0.435       -7.918        4.357        4.121
  986024.682       -0.719        4.066      -19.187      -19.488
  605719.805        1.695      -11.034        9.886       17.717
  506164.837        0.788        5.406      -21.164      -13.842
  792859.744        1.496       -8.859        2.292       12.338
  593349.809        1.101        0.663       -5.586      -23.358
  579694.813       -1.509       -9.916        3.835       -6.691
  771244.751       -0.531       -2.234       -6.783       -9.500
  907969.707        0.854        3.562      -13.029      -12.668
  732344.764        0.170      -26.234       15.804       24.264
  662649.786       -0.477       -5.612       -3.999       -7.698
  685924.779       -0.437       -6.946       -7.706        6.453
  818699.736        1.045       -0.059       -9.560       -7.450
  728849.765       -0.358      -13.371        1.934        2.152
  879894.716        0.437       -7.548        0.296       -3.338
  571809.816       -0.150      -26.898       14.603       15.981
  879434.716       -0.823        4.905      -15.407      -18.105
  882989.715        0.758        4.458       -8.814      -19.920
  887644.714        1.549       -9.681       11.839        9.988
  849864.726       -0.532       -1.226       -1.337        0.208
  884414.715        0.931        2.405       -3.720      -10.759
  871989.719        0.390      -10.967        0.280       12.689
  514539.834       -1.176       -3.738       -5.724      -15.689
  829284.732        0.092      -29.471       26.515       19.548
  944874.695        1.939      -15.503        6.662       21.276
  799599.742       -0.012      -30.611       20.246       14.121
  743269.760       -1.573       -9.262        2.130       18.667
  716459.769        1.062        0.538       -1.309       -5.716
  800239.742       -1.046        1.721       -6.721       -1.294
  665084.785        0.799        4.173       -9.069       -3.121
  563224.818        1.038        2.015       -5.531       -1.662
  651329.790       -1.207       -1.338        2.483       -5.964
  694649.776        1.070        0.611       -5.003      -14.029
  550994.822        0.456       -7.054       -4.957       -2.344
  500469.839        1.331       -2.896        9.596       11.088
  738614.762        0.566       -0.112      -16.563      -20.282
  545909.824       -1.003        0.778        3.730       -1.914
  667799.785        0.389      -11.797       -4.504        2.835
  596064.808       -1.737      -14.155        5.458       10.053
  714699.769        0.013      -30.506       17.331       15.014
  771714.751       -0.573       -0.073       -2.321       -0.808
  899534.710       -1.755      -12.574       10.553       27.172
  633429.796        1.205       -1.073       -1.762      -13.634
  634839.795        1.488       -6.079        9.558       -3.807
  955004.692       -0.801        3.743      -14.763      -16.564
  908259.707        0.986        0.990      -15.657      -19.681
  692979.776        1.563       -9.570        1.573       12.264
  818584.736        1.214       -3.822       -1.370      -10.148
  977689.685        1.865      -14.620       23.425       31.292
  727259.765       -0.546       -1.364      -12.369      -20.364
  890974.713       -1.080        0.097       -6.911      -16.289
  662209.786        0.861        3.669      -10.331       -9.882
  710799.771       -1.982      -11.582       12.942       37.036
  542974.825       -0.144      -26.746       19.088        8.842
  591364.809        1.850      -12.705       18.323       24.339
  841274.729        1.724      -12.926        6.519        8.336
  572734.815        0.645        2.638       -4.633      -11.010
  515699.834       -0.633        1.651      -21.527      -21.132
  870629.719        0.010      -30.396       11.555       11.819
  823274.734       -0.629        2.645      -17.677      -14.770
  676194.782        0.695        4.005      -14.014      -18.165
  582624.812       -1.796      -14.613       10.654       15.674
  757779.756       -0.848        3.644      -13.805      -20.033
  757304.756       -0.252      -20.721       15.118       20.651
  804889.740        1.274       -4.802       -2.528       -5.951
  794204.744        0.619        2.176        4.800        7.824
  632704.796        1.008        1.786       -8.303       -7.090
  673724.783        0.729        4.539      -17.824      -22.147
  749874.758        1.023        1.647      -12.220      -18.012
  933384.699       -1.669      -11.469        5.992       33.033
  693839.776        1.852      -14.205       25.243       20.699
  698829.775       -1.153       -1.298       -6.049      -18.671
  679049.781       -0.471       -5.423       -4.380       -3.127
  527644.830       -1.460      -10.001        6.367       -3.600
  760524.755        1.942      -15.457        9.565       17.123
  849384.726       -1.978      -15.079       18.417       30.381
  907454.707        0.215      -23.272        9.032        6.778
  567094.817        0.090      -29.170       13.875       14.446
  511909.835       -1.804      -17.654        9.635       14.024
  663574.786        0.206      -24.926       15.748        9.461
  550024.823       -0.673        4.252       -7.240       -2.144
  684354.779        0.837        4.300      -18.079      -19.523
  843384.728        1.399       -6.588        4.893       -4.085
  978464.684        1.282       -3.879       -5.549       -4.194
  918879.704        0.759        4.866      -12.258       -5.233
  661679.787       -0.590        0.704       -5.998        5.525
  840254.729        1.060       -0.114       -5.642      -24.279
  756254.756        0.710        4.836      -17.522      -15.757
  885089.714        1.504       -8.994        2.029       11.570
  560359.819        0.993        2.428      -11.933      -19.397
  946169.695        1.040        1.345       -9.871      -11.489
  951869.693        0.971        2.757       -9.702      -13.349
  529169.829       -1.447       -9.218       13.721       10.911
  647869.791        1.791      -10.136       15.653       14.471
  624564.799       -1.925      -13.215       20.770       22.746
  789589.745       -0.929        3.708       -2.128      -21.706
  830579.732        1.819      -14.889       18.000       30.699
  854624.724        1.567      -10.128        9.696       33.068
  627564.798        0.756        4.241      -20.630      -23.280
  547774.823       -1.127       -0.865        0.279      -10.571
  507414.836        0.630        2.615      -19.077      -17.723
  514119.834        0.470       -5.135       -8.270        1.437
  618774.800       -0.875        4.108      -14.096       -4.761
  739774.761        0.424       -8.586       -5.813       -2.391
  627724.797        0.567       -0.408      -18.945      -17.174
  562509.819        1.094        1.101        5.548       -7.819
  687049.778        0.031      -29.739       21.096       20.394
  805079.740        0.887        3.701      -11.541      -19.448
  694379.776        1.339       -4.457        4.592       -8.856
  832744.731        1.795      -14.404       19.317       24.653
  703629.773       -1.833      -12.636       16.471       32.496
  670864.784       -1.841      -12.760       15.806       19.086
  863709.721        1.699      -10.738        9.827        4.431
  637224.794        1.316       -2.293        5.644        1.332
  554524.821       -1.029        1.299      -10.943      -19.821
  968214.688       -1.300       -3.917       -0.045      -14.635
  734479.763        0.893        3.968       -9.884      -10.474
  880839.716        0.957        1.653      -12.002      -18.764
  782529.748       -1.028        2.668       -7.037      -12.411
  537639.827        1.645       -7.487        7.073        8.396
  628339.797       -0.937        3.627       -9.234      -17.292
  748764.758       -1.481       -7.614        3.301       -7.350
  561909.819        1.337       -3.210       -5.009       -6.157
  756544.756        1.000        2.238      -11.587      -23.163
  687859.778        0.137      -26.922       22.791       27.759
  740444.761       -0.855        4.016      -14.947      -16.867
  794499.744        0.836        4.458      -18.097      -19.831
  570284.816       -1.614      -12.586       11.785       17.350
  806094.740       -0.785        4.402      -13.941      -11.503
  545964.824       -0.878        3.212       -4.857      -12.467
  589724.810       -0.723        3.946      -18.690      -15.967
  800009.742       -1.015        2.139      -13.937      -13.322
  694474.776        1.172       -1.361        0.530        4.766
  871269.719       -0.411       -8.734        4.858        6.428
  985669.682       -0.468       -5.815        2.345       -4.620
  633984.795        0.556       -1.085      -10.155       -7.266
  706204.772       -1.253       -2.230       -8.321       -9.402
  821309.735        1.220       -3.457       -2.220      -10.854
  544089.824       -0.673        4.066      -15.735       -8.851
  883374.715        0.525       -1.768      -17.113        1.021
  840734.729        1.561      -10.147        5.822        3.137
  953449.692       -1.140       -1.139        0.267       -4.437
  842954.728        1.655      -11.250       13.443       13.184
  864299.721       -1.490       -8.172       -0.862       -4.797
  810319.739       -1.957      -14.598       13.163       21.963
  778819.749       -1.745      -10.577       20.175       18.002
  705754.772       -1.693      -10.800        0.939        8.741
  628294.797       -1.023        2.276      -11.189       -8.406
  914709.705        1.203       -2.416       -7.367      -12.203
  870049.719       -0.743        4.874      -17.265      -19.224
  984029.683       -0.712        3.851      -19.584      -16.722
  548349.823        1.207       -0.629       -4.854       -6.293
