  807884.739       -0.922        3.307      -12.568      -21.963
  723124.767        1.146        0.033       -4.024      -18.592
  878504.717       -1.881      -14.508        6.093       16.697
  794579.744        0.984        1.971       -7.431      -16.974
  543464.825        0.181      -24.803        7.105       19.917
  885954.714        0.631        2.899      -10.660       -7.753
  792414.744        0.502       -3.622       -2.793        2.178
  820864.735        1.116       -1.468      -12.434      -19.875
  711214.771       -0.624        2.334       -8.915      -13.552
  548689.823        1.227       -0.750       -1.937       -4.362
  937629.698        0.703        4.766       -7.080      -14.276
  881074.716        1.050       -0.406       -5.588      -13.104
  956234.692       -0.579        0.205      -11.507       -8.791
  891054.713       -1.235       -2.971        2.469      -14.579
  529874.829       -1.588      -12.212        9.375        7.459
  864269.721       -1.299       -3.692       -2.590       -8.288
  782069.748       -1.961      -12.773        3.499       19.813
  723464.767        1.068        1.493        3.946      -14.862
  869434.720       -0.320      -15.828       -0.861        5.876
  876999.717       -1.710      -12.527        8.949        9.575
  519269.832       -1.252       -4.602        1.292       -1.175
  754734.757       -0.792        4.048      -17.515      -12.127
  727474.765        0.664        3.226      -11.688      -16.057
  726829.766       -1.138       -0.218      -10.361      -19.871
  867199.720        1.827      -12.359        7.324       17.054
  944174.695        0.932        3.452      -16.508      -25.529
  547394.823       -1.050        0.427        1.457       17.921
  888614.713       -0.032      -29.992       15.116       22.914
  934094.699       -1.353       -4.624       -1.360       -0.027
  924774.702        1.422       -7.395        7.216       17.791
  941459.696       -1.948      -15.011        5.826       11.378
  759139.755        1.439       -7.225       16.847        1.169
  763394.754       -1.089        0.267       -7.668      -16.395
  788389.746        0.592        0.796      -17.893      -12.106
  941594.696       -1.965      -15.079       16.917       22.981
  967139.688        0.424       -7.925        0.663        1.372
  573884.815        0.748        4.796      -12.953      -18.550
  887709.714        1.645      -11.096       22.988        9.412
  948969.694       -0.978        1.786      -14.473      -21.964
  850219.726        1.029        0.477      -11.741      -16.772
  796964.743       -0.763        4.769      -14.465       -8.800
  628119.797       -0.841        4.627      -13.347      -17.672
  956604.691       -1.404       -6.612       -4.242       -3.669
  531669.828       -0.964        2.025       -5.071       -9.559
  795744.743       -0.248      -21.258       16.038        8.621
  713319.770        0.655        3.093      -14.589      -21.474
  989989.681        1.685      -11.974        6.678       12.364
  505554.837        1.863      -11.859        7.632       24.141
  929899.700        0.865        4.469       -1.723      -22.534
  911239.706        1.351       -6.147        8.831       14.171
  643354.792        0.938        3.411       -9.410      -14.191
  882249.715       -0.720        4.956      -22.215      -19.407
  628944.797       -0.480       -4.616       -7.084        9.894
  778334.749       -1.152        0.472        1.882       -6.518
  738699.762        0.361      -13.485        2.110        8.093
  558439.820        1.342       -3.478        1.521       -7.735
  740214.761       -0.282      -18.772        3.306       -0.602
  656034.788        0.440       -7.911       -6.220        2.048
  693799.776        1.817      -13.742       15.555       19.780
  978479.684        1.214       -2.399       -3.487       -0.374
  840424.729        1.590      -10.847       10.841       25.152
  795949.743       -0.735        4.393      -17.955      -11.625
  746759.759        1.582      -10.308        1.941        3.257
  546564.824       -1.076       -0.515       -5.805       -5.949
  916144.704       -0.881        3.746       -7.287      -25.183
  787364.746       -1.363       -2.804        0.510       -0.904
  648674.791        1.034        2.216       -5.919      -20.263
  999644.678       -1.465       -8.952       -1.152       -4.039
  915059.705        1.213       -2.483       -4.066      -13.356
  671949.783        0.745        4.534       10.319       -0.691
  671469.783        0.834        4.339      -19.998      -28.983
  773869.750        1.954      -15.643        9.592       20.138
  684139.779        0.738        4.522      -13.647      -17.886
  808754.739       -1.618      -10.160        0.362        4.510
  541474.825        0.973        3.400       -5.302      -19.512
  541844.825        0.113      -28.284       19.266       14.129
  830409.732        1.844      -15.338       11.672       31.147
  847349.727       -0.721        4.668        0.525       -2.772
  664629.786        0.063      -30.216       16.748       35.795
  973379.686        0.124      -27.908       23.016       29.330
  974499.686       -0.718        4.255      -15.818      -16.585
  608874.804        1.097        1.165       -2.453      -13.417
  918629.704        1.184       -1.617       -2.799      -13.829
  777229.749       -1.618       -9.012        8.967        6.518
  564904.818        1.951      -12.445       17.225       26.265
  812219.738       -1.835      -12.733        5.937       12.899
  775889.750        0.108      -28.630       12.775       16.607
  622204.799       -0.898        3.979        6.183        0.125
  891069.713       -1.235       -2.979        0.055      -15.010
  728824.765       -0.342      -14.536       -0.854       21.403
  830249.732        1.812      -14.986        3.963       16.523
  822294.735       -0.477       -5.036       -8.733        0.739
  989804.681        1.193       -1.313        6.942       -5.306
  668249.784        0.320      -16.660        8.650       -7.753
  563694.818        1.749      -10.768        9.856       20.132
  973919.686       -0.952        2.356       -2.701      -13.510
  921354.703       -0.271      -19.794       19.775       10.864
  534309.828        1.997      -12.473       14.146       20.299
  768359.752       -1.538       -8.221        1.543       -0.311
  787204.746       -1.995      -12.761       24.505       35.827
  577649.814        0.602        2.020      -18.203      -15.208
  575329.814        1.214       -1.003       -4.104       -6.243
  634859.795        1.501       -6.319        0.813      -13.620
  633074.796        1.490       -6.217       -1.740        5.882
  816354.737        1.746      -14.233       10.582       26.780
  946264.695        0.870        4.568        5.020      -23.992
  589874.810        0.419       -8.861        2.520        7.242
  577614.814        0.499       -3.193       -8.146      -10.592
  887469.714        1.195       -3.235       -7.781      -10.466
  960729.690        0.183      -24.789       10.766       23.559
  634829.795        1.467       -5.665       10.384        2.878
  675304.782        0.064      -30.101       21.175       27.294
  745094.760        0.708        4.711       -1.401      -21.685
  840034.729        0.155      -27.298        9.619       37.204
  944394.695        1.428       -7.396        0.756       -7.796
  830024.732        1.382       -7.334        2.555       -1.834
  869804.719        0.031      -30.229       19.731       33.719
  642144.793       -1.333       -4.060       -2.135        2.450
  938419.697        0.480       -4.253       -5.626       11.766
  912489.706        1.051        0.137      -13.991       -7.409
  809759.739       -0.902        3.682      -14.441       -8.365
  521464.832        0.968        3.563      -13.902      -12.882
  753519.757        1.538       -9.001        8.458       16.000
  773859.750        1.938      -15.487       11.813       34.000
  947519.694       -0.013      -30.087       22.440        6.642
  900544.709       -0.518       -1.843       -0.221        0.122
  549734.823       -0.880        3.650      -12.025      -17.274
  688809.778        1.351       -5.914       -0.085       -2.793
  648509.791        1.309       -1.811        2.842       -4.930
  550444.822        0.310      -17.292        1.760       11.320
  697659.775       -1.830      -14.194        4.559       20.633
  648239.791        1.577       -6.491        2.438        9.134
  960619.690        0.391      -10.555       -3.154       12.036
  891694.712       -1.800      -14.817       10.637        8.353
  658644.788       -0.835        4.675      -11.390      -19.169
  934624.698        0.903        3.833      -14.402      -18.020
  545124.824       -1.863      -17.479        8.094       29.916
  898089.710       -1.383       -5.435        1.488       -9.671
  514399.834       -0.849        2.087      -18.770      -21.402
  671904.783        0.843        4.433       -8.360       -5.118
  741299.761       -0.973        2.319      -15.381      -13.204
  912054.706        1.388       -6.541       -1.115      -13.370
  660364.787       -1.000        3.077       -7.201       -8.874
  537824.826        1.266       -0.474       -7.744       -6.978
  672909.783        1.903      -13.774        3.304       16.678
  527944.830       -1.632      -14.107       16.630       13.864
  642179.793       -1.412       -5.940       13.327        6.418
  671229.783       -0.875        4.228      -10.285       -2.431
  725374.766        1.422       -5.379       -3.723       -7.614
  975429.685        1.057        0.557      -11.421      -26.672
  785644.747        1.326       -4.746        8.153        4.578
  843129.728        1.676      -11.450        5.208       18.943
  508484.836        1.076        2.560      -13.646      -21.999
  776734.749       -1.219       -1.067        0.913       -8.176
  775329.750        0.671        3.587      -11.013      -12.850
  698914.775       -1.082        0.265      -12.276        1.957
  807439.740       -0.010      -30.467       14.128       34.478
  882114.715       -0.355      -12.776       -0.497        8.244
  650409.790       -1.997      -13.324       13.850       17.439
  675474.782       -0.263      -20.731       13.378       11.738
  577319.814        0.190      -24.550       11.380       17.512
  870379.719       -0.637        3.245      -17.261       -9.346
  592624.809       -0.470       -5.716        0.562        2.496
  844829.727       -0.102      -29.155       10.895        6.548
  968939.687       -0.838        3.594      -12.176      -12.529
  572639.815        0.715        4.108      -19.924      -21.136
  788114.746        0.519       -2.954       -5.366        8.725
  686659.778       -0.002      -30.049       14.184       17.515
  957634.691       -1.686      -12.031       13.077       22.133
  908544.707        1.417       -7.977       -5.079      -11.773
  873429.718        0.035      -29.344       28.450       16.629
  519354.832       -1.428       -9.209       -3.805       14.722
  782864.747        1.165       -1.824       -6.993      -20.324
  882084.715       -0.507       -2.236      -13.523       -0.713
  890299.713       -0.143      -26.664       26.593       27.366
  687414.778        1.048        0.203      -10.830      -19.405
  702969.773       -1.167       -0.802       -6.920      -12.545
  967989.688       -1.075        0.019       -5.338       -7.482
  633649.796        0.936        3.110      -12.112      -15.610
  734774.763        1.182       -1.280       -6.532      -11.176
  978259.684        0.957        2.873       -9.371       -2.688
  520614.832       -1.132       -1.710       -8.831      -12.936
  787754.746       -0.183      -25.540       13.822        7.561
  628744.797       -0.116      -28.348       17.961       21.348
  836689.730        1.172       -2.686       -5.470       -8.351
  832059.732       -0.973        2.978      -13.746      -16.300
  697349.775       -1.051        0.725      -12.140      -18.705
  575839.814        1.728      -10.610       16.724       20.916
  875124.718       -1.656      -11.639        0.790        7.042
  643044.793        0.863        4.181      -15.439      -25.073
  999224.678       -1.749      -14.418       10.441        9.278
  879479.716       -0.810        5.007      -17.493      -14.971
  618924.800       -1.148       -0.158        2.191      -15.905
  788499.746        0.649        2.849       -5.027       -8.459
  648584.791        1.154        0.448      -12.564      -10.327
  592524.809       -0.458       -6.541       -2.242       -2.699
  576734.814        0.326      -15.944        1.556        6.426
  510459.835        1.942      -12.000       17.300       13.262
  615054.802       -1.020        1.213       -6.779       12.512
  739944.761        0.686        4.080      -18.163      -19.782
  585624.811       -0.696        3.522       -8.816      -10.399
  927409.701        1.620      -11.387       10.732       16.135
  893354.712       -1.491       -8.770        3.906        5.765
  521204.832        0.807        5.008      -23.373      -25.946
  982729.683       -0.757        4.015       -5.337      -19.134
  807784.739       -0.491       -4.132       -5.305       -2.896
  524624.831        1.010        3.181      -12.937      -19.450
  836059.730        0.822        4.173       -7.946      -14.215
  594259.808        1.932      -13.811       13.952       20.822
  824539.734       -0.826        4.592       -8.016       -8.704
  681029.780        0.694        4.216      -22.397      -24.296
  956869.691       -1.358       -5.434        1.883        0.214
  836549.730        1.036        0.294      -10.669      -17.333
  685069.779       -0.496       -3.298      -12.214       -9.262
  510709.835        1.616       -7.230        1.649        7.368
  976894.685        1.752      -13.364       12.348       13.376
  676839.782       -0.989        2.282      -13.869      -13.348
  661204.787        1.026        1.335        2.177       -9.937
  827989.733       -0.557       -0.129       -9.867       -8.254
  805099.740        0.824        4.620      -20.653      -16.301
  518179.833       -1.377       -8.024       -4.431        3.006
  955339.692       -0.761        3.906      -17.852      -13.655
  542064.825       -0.365      -12.549       -1.154       -4.463
  942974.696       -0.572        0.079      -15.531      -15.608
  794949.744       -0.494       -4.111        1.502       -4.329
  838484.730       -0.747        4.751      -20.759      -20.958
  602109.806       -0.305      -17.884        5.746        2.135
  866844.720        0.809        4.322       -7.244      -10.696
  595354.808        1.061        1.794       -9.217      -13.412
  906684.708       -0.190      -24.668       21.935       14.667
  516039.834       -0.695        3.101      -12.882      -14.507
  913029.705        0.173      -25.495       13.334       15.016
  874549.718       -1.103        0.273        2.696       -0.327
  969554.687       -0.758        4.076      -16.076      -19.067
  676429.782        1.093        0.357        0.114      -16.715
  685994.779       -0.493       -3.328       -7.134        4.628
  970979.687        0.987        2.194      -13.091      -24.630
  500794.838        1.718      -11.505        9.695        5.205
  876679.717       -1.001        2.199       -8.100      -22.306
  562994.818        0.694        3.595      -17.822       -0.717
  684584.779       -0.524       -1.827       -5.527        6.650
  912594.706        1.008        1.067      -10.208      -15.919
  800824.742       -0.919        3.704      -13.013      -23.495
  944364.695        1.374       -6.148        0.230       -0.021
  542099.825       -0.337      -14.649        4.103       -2.411
  593009.809        0.124      -27.893       27.044       14.766
  880654.716        0.642        3.045      -21.425      -21.282
  853599.725        0.474       -5.297       -8.200       -7.195
  770344.751       -1.309       -2.921       -2.508      -14.424
  577169.814        0.395      -10.561       -1.234       -4.339
  518649.833       -1.106       -1.742       -7.743      -10.109
  881354.716       -0.098      -28.462       12.890       14.441
  978544.684        1.316       -4.623        2.794       -8.261
  948579.694       -0.445       -7.176        2.070       -1.763
  899229.710       -1.996      -15.042       16.946       29.244
  874079.718       -1.584      -10.506        9.626        2.853
  699499.774       -1.843      -13.898        5.377       17.169
  609494.803        1.583       -7.541        5.268        9.289
  579834.813       -1.431       -7.757       13.427        7.263
  767659.752       -1.849      -12.474       12.271       33.408
  700269.774       -1.538       -9.729       21.352       11.148
  820329.735        1.680      -12.176       16.319       15.108
  953429.692       -1.182       -1.878      -11.745       -8.863
  749849.758        1.057        0.944       -3.203      -13.970
  874729.718       -0.903        3.722        0.045       -4.134
  874864.718       -1.129       -0.139        7.228        3.903
  695394.776       -0.926        3.001       -9.047      -15.464
  712234.770       -1.214       -0.943       -1.685       -7.950
  805689.740        0.268      -20.180        6.614       18.951
  881334.716       -0.003      -29.976       16.793       35.242
  601419.806       -0.964        2.047      -14.599      -19.747
  739279.762       -0.840        4.148       -9.673      -18.479
  761899.754       -1.340       -5.343       -2.906       -4.915
  602524.806       -0.242      -22.246       11.829       31.038
  754724.757       -0.722        3.778      -14.981      -22.113
  906339.708       -1.248       -1.308       -0.054       -5.014
  908669.707        1.750      -13.460        7.567        8.883
  648374.791        1.550       -5.964        9.558       15.521
  918229.704        1.886      -15.028       23.276       25.775
  660504.787       -0.955        3.804      -10.806      -23.486
  578004.814       -1.256       -3.843       -3.214      -11.235
  886209.714        0.116      -27.965       21.753       12.496
  889189.713        0.606        2.197       -5.366      -13.189
  624094.799       -1.744      -11.642       22.845       23.627
  973124.686        1.404       -6.941       15.357       -0.209
  990009.681        1.669      -11.676        5.940       12.123
  706449.772       -1.468       -6.860        4.648       -1.026
  729464.765       -0.096      -29.179       14.481       26.952
  624814.798       -1.962      -13.249       10.109       19.336
  986684.682       -0.455       -6.459       -4.711        8.006
  677464.781       -1.875      -13.586        8.637       15.122
  935839.698        1.816      -14.152        9.767       24.784
  870229.719       -0.772        4.961       -3.134       -6.712
  840639.729        1.645      -11.703       12.686       13.596
  626904.798       -0.203      -24.263       13.267        6.114
  722669.767        1.310       -3.298       -5.138       -6.589
  828199.733       -0.906        4.036      -11.410      -23.848
  802799.741        1.329       -6.295       -1.660       -9.577
  624594.799       -1.929      -13.244       16.097       19.624
  804299.741        1.748      -13.928        7.142       19.582
  839054.729        0.735        4.514      -13.878      -23.960
  872179.719       -0.057      -29.466       26.196       23.638
  545799.824       -1.252       -4.455       18.427       -7.862
  845074.727        0.449       -7.140       -8.230       -4.896
  840709.729        1.639      -11.546        7.782        3.793
  739114.762       -0.550       -0.822      -15.897      -13.134
  505099.837        1.950      -13.234       15.367       19.975
  840659.729        1.702      -12.677       17.416        9.240
  874444.718       -1.313       -4.029       -3.631       -1.733
  596964.807       -1.985      -16.474       15.315       23.898
  947659.694        0.163      -25.841       15.289       19.889
  607484.804        1.685       -9.760       20.089       20.013
  981279.683        1.186       -1.171       -6.990       -2.144
  500429.839        1.174        0.293        1.281       -8.255
  518209.833       -1.243       -4.679       -7.135       -8.316
  918859.704        0.812        4.768      -10.162      -13.388
  725544.766        0.843        4.762       -4.886      -21.578
  604239.805       -1.635      -11.380        3.323       18.267
  662484.786        0.354      -15.007       -0.640       -1.814
  665334.785        1.387       -4.718       -6.699       -4.709
  635834.795        1.948      -13.437       19.226       35.032
  518604.833       -1.212       -3.848       -2.485        3.511
  828809.733        0.482       -5.171      -13.465      -10.434
  618779.800       -0.870        4.164       -6.329      -24.755
  883794.715        1.230       -4.440      -10.617       -5.910
  747234.759       -0.113      -28.149       22.984       24.956
  756889.756        1.156       -0.884       -0.432       -8.959
  739559.761        0.191      -24.756       14.348        2.145
  595529.808        0.420       -8.886        8.610        4.120
  806489.740       -0.260      -21.039       14.586       24.579
  812144.738       -1.834      -12.779       13.374       19.950
  532364.828        0.836        4.478       -4.903      -12.181
  593024.809        0.170      -25.742       20.498       18.847
  758869.755        0.803        5.169       -0.188      -10.758
  983709.683        0.730        4.976      -19.202        2.969
  939699.697       -0.364      -13.151        3.254       18.777
  630124.797        1.713      -10.804        9.193        5.686
  574614.815        0.462       -5.891       -4.526       -6.906
  754424.757       -0.894        3.142      -13.822      -21.934
  930239.700       -1.380       -5.743        7.881       -1.325
  726579.766       -1.269       -2.911       -0.311      -16.841
  530049.829       -1.783      -15.708        5.064       17.015
  572179.815        0.703        3.793      -11.314       -7.026
  613284.802        0.370      -12.800        8.760       29.722
  812764.738       -0.689        3.943      -20.491       -9.349
  688824.778        1.365       -6.211        3.825        3.227
  716379.769        1.154       -1.326       -6.394       -6.871
  732269.764       -0.245      -21.475       10.133       16.471
  655669.788       -0.178      -26.389        9.835       18.416
  802259.741        0.853        4.162       -9.699        2.457
  615594.801       -1.538      -10.323        8.926       -8.657
  910279.706        1.584      -10.643       -0.733       14.979
  612714.802       -0.619        1.781      -15.803      -18.427
  809779.739       -0.811        4.503      -14.823      -15.827
  999584.678       -1.553      -10.876       15.397        6.567
  711114.771       -0.954        3.256      -16.519      -21.358
  589754.810       -0.762        4.166       -7.670       -2.963
  848239.726       -1.445       -7.117        2.158       -3.966
  693104.776        1.666      -11.437        4.399        5.064
  518519.833       -1.207       -3.811       -6.980      -11.408
  748719.758       -1.566       -9.093        9.109        6.564
  823004.735       -0.105      -28.575       15.287       14.938
  777629.749       -1.627       -8.971        7.958       14.309
  734964.763        1.784      -13.736        7.052        8.273
  853129.725       -0.255      -20.542        4.061       16.379
  949014.694       -0.958        2.125      -15.329      -20.397
  529719.829       -1.677      -14.160        9.981       10.561
  738919.762       -0.127      -27.854       17.108       13.641
  920309.703       -0.841        4.204      -13.892      -16.214
  642904.793        0.524       -2.620      -17.699       -5.203
  826884.733       -1.933      -13.804       11.224       21.863
  644239.792        1.825      -11.325        8.648       30.646
  918929.704        0.623        2.542       -7.403       -9.468
  722354.767        1.125        0.069        2.045       -7.210
  570784.816       -1.723      -14.276        2.710       19.441
  601909.806        0.304      -17.375        3.924       12.627
  906939.707        0.996        0.604       -8.364      -19.201
  550014.823       -0.607        2.601      -10.523       -4.448
  898394.710       -0.935        3.134      -11.388      -17.829
  949504.694        0.472       -4.495       -8.000       -7.856
  910509.706        1.327       -5.986       -3.999        4.609
  796759.743       -0.617        2.191      -10.185       -0.219
  791084.745        0.830        4.331      -17.450      -20.103
  609189.803        1.101        1.249       -2.221      -12.355
  968754.687       -0.928        2.440      -13.760      -12.523
  756484.756        0.952        3.173      -15.460      -21.179
  840669.729        1.662      -12.001       13.915       12.764
  602349.806       -0.650        2.713      -12.009      -23.432
  537664.827        1.505       -5.010        6.204        3.403
  549184.823        0.785        4.430      -13.782      -29.252
  749974.758        0.903        3.999       -9.422      -14.521
  970684.687        0.620        2.736       -4.550       12.413
  991589.680        0.720        4.831       -8.943       -5.584
  830264.732        1.820      -15.102        3.949       12.721
  537489.827        1.945      -11.047       16.321       21.556
  741029.761        0.194      -24.169       26.136       20.860
  985349.682       -0.326      -16.380        5.948       21.327
  918164.704        1.993      -16.057       15.042       28.648
  972369.686        1.921      -15.393       15.620       27.635
  723564.767        1.213       -1.161       -2.810      -14.505
  952389.693        0.724        5.221       -9.757      -21.729
  544164.824       -0.976        1.098       -7.649       -6.945
  671309.783       -0.307      -17.482       10.175       17.675
  758764.755        0.743        5.108      -21.619      -29.047
  994644.679       -1.055       -0.201       -0.528       -4.324
  553299.822       -1.823      -17.011        4.326       23.591
  790074.745        0.895        3.510      -16.795      -12.404
  763314.754       -0.852        3.855        2.468       -4.812
  537444.827        1.915      -10.812        7.835       14.566
  699969.774       -1.347       -5.612        0.665        4.073
  930064.700        0.322      -15.843       -2.894        3.515
  548114.823       -0.145      -26.373       19.792       40.207
  657284.788       -1.026        1.997      -10.149      -18.993
  777529.749       -1.840      -12.019       14.051        5.648
  799574.742        0.024      -30.510       14.410       10.204
  951789.693        1.020        1.759      -10.989       -2.841
  535419.827        1.537       -6.310       -2.587        4.382
  978329.684        0.897        3.929      -16.869      -27.082
  864114.721       -0.524       -1.574      -13.618       -8.010
  872704.718        0.379      -11.519        0.818       11.536
  971974.686        0.595        1.818      -14.109       -4.998
  662669.786       -0.624        2.132      -13.067       -6.223
  695099.776        0.955        2.910      -11.678      -20.980
  780329.748       -1.880      -12.290       15.641       26.117
  594659.808        1.484       -6.627        2.302       -3.211
  831244.732        1.070       -0.692       -1.754      -14.842
  787589.746       -0.692        3.673      -12.810      -12.306
  539219.826       -0.498       -3.530      -14.075       -5.460
  795739.743       -0.233      -22.257        7.436       17.456
  936424.698        1.784      -13.398       11.078       14.020
  506329.837       -0.272      -21.681        3.766       13.603
  938744.697        0.229      -22.376       21.234       10.494
  899494.710       -1.880      -14.141       12.566       20.954
  904954.708       -1.136        0.344        8.546       -0.254
  567154.817       -0.120      -27.987       13.255       21.375
  956449.691       -1.270       -3.613       -1.459       -8.887
  939009.697       -0.386      -11.561       -1.259        2.353
  890419.713       -0.279      -18.451        6.390        3.727
  648349.791        1.474       -4.663        9.282        4.876
  673064.783        1.966      -14.441       12.107       31.746
  651774.790       -1.250       -2.155        0.414       -3.221
  939884.697       -0.480       -5.027        0.013        6.723
  893089.712       -1.945      -15.987       12.080       27.350
  673714.783        0.722        4.459       -4.123      -12.064
  920514.703       -0.433       -7.808       -4.629       -6.568
  505174.837        1.957      -13.196       15.637       22.513
  840149.729        0.765        4.582      -14.282      -17.578
  712629.770        0.718        4.063      -20.837      -19.375
  714864.769       -0.626        2.389      -16.207      -17.073
  661479.787        0.515       -3.773      -14.672       -4.265
  617069.801       -1.689      -12.012       10.648        3.755
  527929.830       -1.427       -8.792        3.587        9.844
  572264.815        0.479       -5.564      -12.698        5.997
  843749.728        0.590        0.850       -8.731       -7.340
  570729.816       -1.730      -14.405        6.451       13.998
  578259.813       -1.621      -13.032       17.445       10.454
  573369.815        0.704        4.172      -19.863      -10.068
  722714.767        1.276       -2.576       -0.307      -13.194
  696709.775       -1.921      -14.914       18.924       22.852
  790969.745        0.429       -8.565       -9.698       -0.641
  871499.719        0.994        1.266      -13.252      -17.356
  898034.710       -1.350       -4.645       18.318        2.137
  698834.775       -1.128       -0.739       -2.646      -15.827
  863709.721        1.699      -10.738        9.444        4.114
  610024.803        1.999      -14.106        4.182       42.315
  938474.697        0.422       -8.349       -7.419       -8.547
  629244.797       -0.543       -0.935       -2.936       -1.954
  955184.692       -0.838        3.480      -16.442      -24.410
  519029.833       -0.810        3.632       -6.676      -16.880
  702874.773       -1.222       -1.991       -0.745       -1.109
  906094.708       -1.431       -5.449       -2.113       -8.342
  912804.706        0.772        4.622      -15.733      -26.692
  968304.688       -1.433       -6.882        6.038       -3.983
  889254.713        0.125      -27.500       25.939        5.882
  837054.730        1.376       -6.660        1.538       -1.884
  679329.781       -0.330      -15.325       10.880       13.227
  554069.821       -1.622      -13.108       16.091        8.632
  952789.693        0.864        4.723      -18.547      -21.121
  596009.808       -1.579      -11.255       16.229        3.993
  908769.707        1.870      -15.029        5.610       15.579
  676284.782        0.844        4.442      -18.665        1.413
  604454.805       -1.269       -3.261       -7.096      -12.239
  675879.782        0.328      -15.880        6.215       -1.747
  594869.808        1.082        1.226      -10.049      -13.561
  885024.714        1.541       -9.572       -0.638       -0.232
  898574.710       -1.343       -4.364        7.280      -10.429
  949259.694       -0.071      -29.246       16.812       18.722
  850774.726       -0.492       -3.647      -13.755      -12.009
  871979.719        0.464       -5.709        5.483       -1.284
  520514.832       -1.255       -4.395        2.093       -4.526
  703639.773       -1.768      -11.964       15.476       24.965
  681479.780        0.515       -2.459       -2.742       -3.907
  622074.799       -1.340       -4.258        3.969        2.930
  850034.726        0.350      -14.178        2.820       28.630
  643324.792        0.982        2.772       -9.835      -20.684
  785974.746       -1.131        1.258      -11.682      -20.401
  883754.715        1.033       -0.084       -0.658      -15.196
  879989.716        0.555       -0.426       -5.168      -13.739
  532099.828       -0.799        4.480      -16.430      -25.326
  780069.748       -1.315       -1.926        5.878       -4.710
