  508199.836       -0.193      -25.891        5.377        3.875
  869669.719        0.404      -10.170        3.756        7.062
  542859.825        0.122      -27.784       15.930       12.323
  774604.750        0.682        3.786      -18.781      -11.630
  963549.689        1.048        1.164       -8.579      -10.397
  916659.704        1.015        1.614       -9.192      -10.642
  980509.684        1.131       -0.283       -9.339      -23.159
  536054.827        1.900      -11.359       17.068       19.083
  782004.748       -1.862      -11.840       16.051       25.638
  583009.812       -1.001        1.347       -7.557      -21.493
  609614.803        1.660       -8.867       11.118       11.885
  845829.727       -0.777        4.799      -18.395      -20.977
  616059.801       -1.690      -12.759        9.962       12.574
  700964.774       -1.363       -5.606        1.514        0.186
  770049.752       -1.412       -5.222       14.853        5.308
  513559.834        0.618        2.295       -6.151      -22.202
  815129.737       -1.863      -12.870       14.170       18.501
  715884.769        1.222       -2.922       -9.988      -19.309
  866874.720        1.007        0.947      -12.843      -19.814
  593189.809        0.869        4.472      -12.333      -25.020
  548624.823        1.367       -3.238        1.617      -13.204
  998804.678       -1.040        0.059      -12.444      -14.581
  630314.797        1.800      -11.991        5.805       14.604
  539974.826       -0.058      -30.062       14.701       31.471
  686449.779        0.698        3.861       -8.610       -2.695
  734814.763        1.339       -4.526       -0.879       -1.262
  805999.740       -0.416       -9.546       -5.944       11.163
  596884.807       -1.929      -16.099       17.840       27.168
  847584.727       -1.075        0.709       -2.641       -9.230
  570909.816       -1.873      -16.144       18.499       23.262
  505034.837        1.984      -13.530       13.587       22.633
  723079.767        1.154       -0.165       -5.832      -13.458
  762299.754       -1.249       -3.102        1.462        2.266
  591454.809        1.632       -9.517        3.646       11.327
  897594.710       -1.649      -11.309       14.288       12.563
  887294.714        0.982        1.372      -14.650      -25.905
  686929.778        0.608        1.674      -16.733       -4.986
  967709.688       -1.049        0.360        7.197      -11.288
  715689.769        0.816        4.384       -9.248      -12.813
  714489.770        0.860        4.022      -17.787      -15.963
  572329.815        0.154      -26.969       38.755       16.960
  858419.723        1.980      -14.862        6.115       22.444
  611834.803        1.985      -13.022       29.299       37.726
  524804.831        0.091      -29.698       19.392       29.508
  971884.686        0.043      -30.127       19.997       36.100
  754774.757       -0.483       -4.997      -14.571        0.269
  789474.745       -0.721        4.179      -14.459      -16.343
  763954.754       -1.793      -12.568       12.822       23.041
  794599.744        0.858        4.233      -13.230      -22.347
  660519.787       -0.955        3.804      -10.066      -23.333
  583654.812       -1.508       -8.781        0.288       -1.621
  723499.767        1.043        1.927       -3.686       -3.363
  899289.710       -1.904      -14.465        1.875       24.748
  701339.774       -1.860      -13.208        5.957       12.660
  949844.694        1.159       -1.357       -8.592      -13.019
  843774.728        0.384      -12.130        0.031        0.974
  924864.702        1.744      -13.733        4.885        8.963
  673539.783        0.862        4.399      -16.258       -8.914
  753834.757        1.249       -2.625       -1.506        2.843
  606484.804        1.534       -7.541        1.625        3.044
  938864.697        0.031      -30.314       11.884       12.637
  657514.788       -1.122        0.530       -6.823      -22.811
  851329.725       -0.530       -1.355       -2.541       -5.320
  998319.678        0.806        5.231      -16.683      -25.895
  839719.729       -0.954        3.075      -11.940      -16.002
  711734.770       -1.904      -11.255       11.962       13.735
  863869.721        1.092       -0.724        0.622      -10.785
  822489.735       -0.325      -15.897       -0.951       10.004
  529544.829       -1.749      -15.600        9.559        2.985
  514504.834       -1.181       -3.855      -13.221      -17.712
  562324.819        1.262       -1.594       -1.568      -11.345
  943239.696        0.584        1.621       -6.620       -8.591
  848624.726       -1.884      -14.611       18.713       17.457
  502614.838        1.829      -12.369       11.048       18.650
  627094.798        0.369      -13.041       -3.811        4.043
  612319.802       -0.297      -18.617        4.086        9.592
  539969.826       -0.058      -30.061       19.928       23.605
  629149.797       -1.018        2.436      -16.115      -20.674
  623884.799       -1.438       -6.331        1.733        3.442
  853924.725        0.470       -5.427        6.263        9.332
  745509.760        0.934        3.439      -10.244      -17.948
  504454.837        1.253       -0.126       13.309       -3.665
  677889.781       -1.591      -10.412        9.470        5.466
  956979.691       -1.404       -6.483       -1.825       -2.289
  885194.714        1.524       -9.260        0.046        2.995
  770949.751       -1.227       -1.070       -5.689      -12.087
  547109.824       -1.241       -3.751       -3.008       -4.395
  974444.686       -0.693        3.966       -8.334       -2.319
  612054.803        1.309       -1.925       -3.670        4.579
  661984.786       -0.139      -28.655       16.049       11.683
  778574.749       -1.049        1.974       -6.648      -23.040
  927674.701        0.808        5.003       -5.968      -14.467
  543939.825       -0.256      -19.551        8.002       21.555
  604379.805       -1.455       -7.715        4.194       24.582
  513524.834        0.653        3.425      -17.365      -22.210
  757609.756       -0.996        1.524       -5.465      -23.667
  841029.729        1.124       -1.378       -2.271      -13.469
  743024.760       -1.706      -11.099        7.110       22.227
  846059.727       -0.682        4.143       -3.634      -24.002
  542964.825       -0.094      -28.645       28.055       43.504
  822739.735       -0.564        0.007       -8.621       -9.818
  785779.747        0.406      -10.512       -7.813      -14.717
  686299.779        0.079      -29.276       18.753       22.884
  807179.740        0.041      -30.391       18.774       12.640
  515104.834       -0.511       -3.966       -8.977       -3.682
  760444.755        1.990      -15.956       17.310       24.818
  908769.707        1.870      -15.029        5.096       14.861
  854354.724        1.364       -6.474        4.552      -11.078
  719164.768        1.208       -2.127        3.321      -15.190
  764389.753       -1.668      -10.768        6.751       21.909
  958044.691       -1.874      -14.380       23.008       11.827
  822944.735       -0.213      -23.410        2.190       16.372
  537459.827        1.861      -10.330        8.772       19.967
  647849.791        1.764       -9.749        6.477       23.818
  781964.748       -1.848      -11.736        3.462       21.782
  870874.719       -0.018      -30.241       20.070       12.987
  808689.739       -1.452       -6.709        0.147       -6.280
  709339.771       -1.867      -11.353        9.813       25.374
  764359.753       -1.655      -10.569       18.104       21.532
  912644.706        0.874        3.638       -9.635      -16.195
  840654.729        1.706      -12.743        9.193        3.227
  733724.763       -0.076      -29.500        9.765       13.337
  614954.802       -0.843        3.928       -5.554      -18.188
  575964.814        1.662       -9.467       11.915        6.887
  652174.790       -1.837      -11.763       11.871       21.687
  774759.750        0.373      -12.712       12.682       11.805
  759879.755        1.918      -15.660        5.976       15.748
  756799.756        1.231       -2.488       -2.925      -11.145
  882754.715        0.485       -4.153       -6.576       -8.464
  830164.732        1.771      -14.394        3.196        8.920
  894534.711       -1.084        0.406       -2.396      -25.698
  879519.716       -0.805        5.053       -7.345      -22.977
  893404.712       -1.444       -7.610       -2.515      -11.526
  510494.835        1.829      -10.845        8.900        4.194
  906654.708       -0.574        0.840       -7.113      -18.086
  908304.707        0.904        2.762       -2.705      -19.898
  660914.787        0.589       -0.015      -17.030      -14.337
  701304.774       -1.851      -13.124       11.855       16.778
  967459.688       -0.574        0.015      -18.370       -5.675
  792734.744        0.971        2.166       -5.166      -22.477
  682509.780       -0.924        3.317      -17.916      -27.699
  598904.807       -1.817      -14.192       13.240       22.206
  643269.792        1.200       -0.613       -8.302      -16.449
  758049.755       -0.707        3.728      -18.501      -15.151
  718919.768        1.076        0.475       -9.112      -15.639
  946144.695        1.073        0.659      -12.210      -19.522
  581224.812       -1.850      -15.886        4.802       27.653
  832849.731        1.988      -17.103       12.015       21.649
  550909.822        0.506       -3.940       -8.332      -13.348
  505709.837        1.810      -10.984        9.831       15.760
  933814.699       -1.391       -5.559       -1.036       -9.589
  825654.734       -1.067        1.442      -10.096      -18.450
  756199.756        0.606        2.192       -8.786      -14.647
  516194.833       -0.403      -10.641       19.040       -1.522
  792169.744        0.015      -30.477       13.735       12.262
  788189.746        0.592        0.703      -10.449      -10.241
  649259.791        0.653        2.962      -21.710        0.655
  538929.826       -0.344      -14.788       14.464       -0.701
  511649.835       -1.945      -19.353       15.569       14.021
  574714.815        0.665        3.802       -6.983      -18.398
  599499.807       -1.258       -3.229        0.563       21.621
  913464.705        1.182       -2.425       -8.098      -14.891
  599804.807       -1.640      -11.674        3.661        5.456
  662984.786       -0.244      -22.590       12.079       18.964
  530074.829       -1.818      -16.237       13.818       11.672
  576704.814        0.521       -2.299       -6.653      -12.123
  883024.715        0.999        0.645       -9.267      -12.162
  537014.827        1.943      -11.393        3.094       13.702
  823434.734       -0.733        4.563      -19.490      -16.872
  612909.802       -0.248      -21.935       12.261       15.393
  505164.837        1.987      -13.449       11.148       10.049
  761909.754       -1.339       -5.246        1.288       13.586
  817989.736        1.750      -13.856       11.226       12.675
  758714.755        0.910        3.943      -14.249      -14.284
  753349.757        1.457       -7.361        2.373        4.960
  850519.726        1.128       -1.551      -14.187       -9.721
  722264.767        1.314       -3.533        4.279       -2.412
  887629.714        1.573      -10.054        4.934       13.830
  608479.804        1.249       -1.425       -9.164       -9.834
  506664.837       -0.273      -21.373        1.913        8.926
  665079.785        0.752        4.118        3.589      -14.892
  651714.790       -1.068        1.218        2.414      -10.068
  680784.780        0.233      -22.345       10.358        2.459
  770499.751       -1.350       -3.728        1.408       -7.417
  729144.765        0.501       -3.920       -0.862        0.352
  679894.781        0.779        4.597      -20.071      -25.015
  726179.766       -1.223       -2.176       -1.716      -13.401
  929859.700        0.984        2.391       -8.578       -5.121
  665814.785        1.182       -0.944        0.343      -20.445
  931939.699       -1.814      -13.932        2.345       16.509
  960589.690        0.200      -23.983       11.347        7.128
  811709.738       -1.733      -11.578       14.558       10.533
  562294.819        1.313       -2.564       -2.666       -7.325
  574214.815        0.863        4.572      -13.734      -24.826
  540449.826       -0.104      -28.387       15.672       22.409
  504389.837        1.299       -1.039       -4.310      -12.994
  577734.814        0.191      -24.347        6.255       17.807
  778524.749       -1.058        1.860       -5.506      -15.086
  641779.793       -1.394       -5.672        4.326        2.482
  874309.718       -1.576      -10.169        6.334       16.307
  655014.789       -1.798      -10.877       18.603       40.127
  770304.752       -1.381       -4.424        5.149      -12.873
  879329.716       -0.503       -2.546       -4.750       -6.517
  694759.776        1.028        1.458       -5.706       -2.686
  828449.733       -0.501       -3.178      -13.925      -14.272
  616869.801       -1.747      -12.961       12.800       19.612
  667844.785        0.202      -24.684       11.930        2.108
  840014.729       -0.027      -30.934       14.624       29.008
  731509.764       -1.934      -12.772        9.338       20.717
  813889.737       -1.977      -14.143        9.711       30.148
  943229.696        0.593        1.987      -18.003       -3.463
  609944.803        1.991      -14.092        8.527       28.734
  643589.792        0.990        2.700       -7.694      -21.029
  721979.767        1.575       -9.184       11.297        6.454
  843574.728        1.283       -4.302       -4.932       -5.255
  512219.835       -1.990      -19.166       11.876       13.780
  629734.797        0.762        4.076      -11.839      -24.028
  876934.717       -1.454       -7.295        3.148       12.468
  967959.688       -0.929        2.319      -11.402      -15.916
  791409.745        0.978        2.090      -14.891      -15.010
  685904.779       -0.449       -6.153       -8.533       -1.441
  549569.823       -0.580        1.405      -15.909      -13.894
  695004.776        1.157       -0.852       -7.907       -5.768
  983174.683       -0.637        2.398       -4.881      -14.064
  519024.833       -0.781        3.833      -14.001      -19.210
  763004.754       -1.411       -6.396       -4.341      -13.291
  595264.808        1.028        2.321       -7.242      -12.442
  642089.793       -1.295       -3.258       -2.967      -16.531
  606899.804        1.916      -13.674       21.927       35.248
  764499.753       -1.453       -6.929       -2.588       -0.291
  778779.749       -1.630       -8.800        5.883        7.739
  776869.749       -1.203       -0.747       -2.442      -19.658
  511934.835       -1.707      -16.224        4.528       39.773
  831199.732        1.163       -2.738       -8.186      -17.566
  886224.714        0.158      -26.168       14.508        7.113
  829749.732        0.916        2.558      -14.674      -17.228
  516399.833       -0.596        0.834      -17.134      -19.723
  973734.686       -0.775        4.335      -13.223      -17.814
  783879.747        1.140       -1.125       -4.570      -19.197
  688264.778        0.603        1.796      -12.364       -8.066
  910854.706        1.152       -2.394       -3.223       -8.292
  887014.714       -1.090        0.155      -15.063      -16.829
  675844.782        0.507       -3.446      -20.037       -5.843
  971804.686       -0.540       -1.227      -18.609      -19.029
  560229.819        1.243       -1.395       -4.847      -17.342
  873494.718       -0.420       -8.113       -8.543       -2.340
  889219.713        0.505       -2.674      -11.770      -20.997
  953654.692       -1.980      -15.697       11.156       23.589
  885609.714        0.869        3.717      -10.622      -23.585
  981889.683        0.394      -10.899       12.440        8.780
  679399.781       -0.351      -13.814        4.090        1.260
  515084.834       -0.583       -0.427      -10.096      -10.362
  732754.764        0.762        4.552      -14.581      -10.957
  828179.733       -0.989        2.869      -13.567      -19.514
  591469.809        1.616       -9.231        9.329       20.643
  700029.774       -1.469       -8.480        1.226        5.960
  635234.795        1.303       -2.433       -3.111      -10.432
  933419.699       -1.676      -11.527       10.610       21.568
  970634.687        0.002      -30.341       32.144       18.049
  807039.740       -0.094      -29.385       14.697       10.149
  651694.790       -0.810        4.314       -1.102       -6.799
  643664.792        1.099        1.051        0.499      -13.795
  700769.774       -1.528       -9.285        6.237       -2.547
  573409.815        0.662        3.347      -19.565      -23.113
  843799.728        0.300      -18.414       14.218       17.771
  869084.720        0.919        2.943       -8.264      -25.680
  567599.817       -0.701        4.136      -12.988      -15.188
  834894.731        1.880      -15.083        5.538       21.846
  606179.804        1.472       -6.484        1.716       -1.938
  667509.785        0.793        4.413       -5.915       10.745
  976049.685        1.707      -12.942        5.046        6.977
  887984.714        1.183       -2.864       -4.932      -13.217
  792899.744        1.616      -11.181        5.820        3.456
  731464.764       -1.911      -12.731        6.034       21.135
  847094.727        0.338      -15.179       -5.676        3.211
  585399.811       -1.224       -1.963       -8.093      -13.513
  615744.801       -1.408       -6.995        1.762       -2.351
  991414.680        1.140       -0.121       -7.517       -6.450
  807014.740       -0.059      -30.261       24.599       17.627
  866174.721       -1.063        1.149        0.102      -23.574
  851699.725       -1.330       -4.394        0.112       -4.241
  777269.749       -1.695      -10.281        7.088        4.562
  831899.732       -0.871        4.363       -7.827      -20.802
  596054.808       -1.636      -12.441       13.429        7.877
  662699.786       -0.662        3.342      -11.406      -22.808
  970889.687        1.072        0.385       -9.627      -19.999
  999994.677       -1.313       -5.319       -2.685        7.253
  548464.823        1.311       -2.314        6.291      -14.903
  799699.742       -0.612        1.921      -15.818       -9.982
  615714.801       -1.465       -8.453       -2.461       -5.983
  801284.742        0.725        4.509      -15.378      -20.723
  936399.698        1.791      -13.550        5.155       13.909
  542599.825       -0.149      -26.822       28.375       17.806
  546124.824       -0.812        4.268      -13.636      -15.030
  604964.805       -0.740        4.246       -5.131      -14.898
  676559.782        0.211      -23.770        9.450        7.765
  705959.772       -1.774      -11.568        9.582       13.242
  740574.761       -0.140      -27.126       18.137       23.762
  532299.828        0.262      -20.932        6.995       13.007
  842739.728        1.949      -15.500       17.289       23.974
  585449.811       -0.997        1.586        2.371       -5.538
  527184.830       -1.277       -5.226        6.901        2.886
  682654.780       -0.984        2.372       -7.130       -2.280
  984529.682       -0.730        4.122      -20.623      -21.713
  865614.721       -1.852      -13.974       10.854       22.000
  549499.823       -0.351      -12.954        0.964        8.503
  921909.703        0.533       -1.324      -15.542       -6.832
  602369.806       -0.713        3.797      -14.487      -20.973
  798999.742        0.689        4.114       -5.769       -1.184
  835519.730       -0.465       -5.533      -14.546       -9.258
  730719.764       -1.245       -2.286       -4.797      -15.596
  983609.683        0.618        2.445       -8.596      -22.273
  807119.740       -0.086      -29.543       13.462       37.430
  801494.741        0.711        4.423      -15.017      -18.425
  904529.708       -1.601       -9.065        0.924       12.745
  586489.811        0.921        3.833       -9.450      -23.368
  713999.770       -0.607        1.675      -17.879      -14.166
  762384.754       -1.044        0.789       -5.913       -8.148
  719019.768        0.930        3.265       -4.784      -14.926
  952444.693        0.754        5.396      -22.132      -21.027
  690429.777        1.110       -0.793       13.039       -4.104
  522144.832        1.561       -7.084        8.016        1.922
  903639.708       -1.814      -12.676        5.613       11.230
  792049.744       -0.097      -29.100        9.154       23.826
  616794.801       -1.614      -11.043        4.860        7.840
  663984.786       -0.101      -29.691       19.983       28.149
  853269.725        0.437       -7.947      -11.914        2.544
  727104.765       -0.588        0.541      -17.322      -19.059
  720829.767        1.812      -13.714        7.926       31.906
  730209.764       -1.269       -2.894       -4.749       -9.127
  538134.826        0.399      -11.160       -6.496       -2.434
  822324.735       -0.554       -0.582       -6.432      -12.571
  903779.708       -1.662      -10.425        9.576       18.708
  881789.716       -0.468       -4.786       -1.177       -8.785
  938159.697        0.264      -20.211        8.027        3.468
  907169.707        0.982        0.993      -13.320      -11.786
  847499.727       -1.126       -0.263       -4.651      -10.240
  679904.781        0.799        4.598      -14.164      -16.275
  630724.797        1.681       -9.871        7.845       14.276
  880994.716        1.072       -0.946       -6.790      -19.926
  907499.707        0.034      -30.119       15.626       15.506
  641659.793       -1.871      -12.580       12.000       29.393
  754679.757       -0.815        3.939      -19.216      -16.895
  887474.714        1.189       -3.110       -4.409      -18.181
  651059.790       -1.696      -10.739        7.604       20.434
  837744.730        0.933        2.816      -15.193      -15.770
  555589.821       -1.806      -15.926        8.469       14.836
  834274.731        1.963      -16.247        8.472       25.654
  757799.756       -0.895        3.100       -1.913      -21.262
  906744.707        0.122      -27.905       19.842       25.367
  585864.811       -0.960        2.244       -6.299      -25.946
  634129.795        0.702        3.759      -12.021      -23.618
  674949.782       -0.581        0.376       -7.633      -16.157
  752949.757        1.903      -15.238       10.392        0.699
  787804.746        0.005      -30.742       22.125       27.944
  587824.810        1.793      -11.997       20.721       14.415
  933469.699       -1.687      -11.701       13.112       28.865
  507374.836        0.732        4.985      -23.891      -22.697
  637164.794        1.325       -2.504        5.622       -8.063
  572664.815        0.659        2.983      -19.239      -18.625
  677549.781       -1.811      -13.123       10.000        8.702
  708654.771       -1.710      -10.406        3.513       13.898
  746809.759        1.450       -7.406       15.570       -1.257
  733659.763       -0.100      -28.878       19.962       23.993
  956649.691       -1.371       -5.836       -1.528       -0.656
  663364.786        0.587        0.060      -18.138      -19.667
  869499.720       -0.374      -11.816        8.993       13.720
  791454.745        0.906        3.443      -16.249      -20.060
  549454.823       -0.335      -14.166        4.432       16.262
  503149.838        1.302       -1.748       -6.512       -1.655
  664314.786       -0.447       -7.396        4.036       19.648
  582574.812       -1.760      -14.202       21.996        6.339
  642294.793       -1.152       -0.190       -8.593      -16.419
  911174.706        1.363       -6.438       -6.173       -8.906
  609834.803        1.876      -12.481        7.470       27.942
  624714.798       -1.834      -12.193        7.910       13.316
  520229.832       -1.940      -17.916        3.807       32.085
  868999.720        0.736        4.487      -11.238      -13.305
  792614.744        0.405      -10.062       -3.917       10.162
  794139.744        0.781        4.737       -4.348      -11.683
  991544.680        0.785        5.193      -20.744      -23.781
  661464.787        0.609        0.840      -11.657      -11.282
  995869.679       -0.313      -16.986       19.826       33.027
  660209.787       -1.352       -4.085       -0.439       13.776
  628259.797       -1.075        1.426      -12.249      -18.258
  869984.719       -0.701        4.504      -19.110      -20.752
  521584.832        0.733        4.758      -19.444      -13.325
  594329.808        1.954      -13.938       10.028       29.544
  940519.697       -0.740        3.926      -16.794      -21.071
  911649.706        1.215       -3.330        2.663      -16.423
  797114.743       -0.067      -29.812       20.616       35.843
  975879.685        1.332       -5.534        7.622        4.793
  648889.791        0.696        3.809      -12.816      -15.267
  740169.761       -0.254      -20.720        3.311       11.542
  981899.683        0.485       -4.431        1.462        5.170
  527264.830       -1.475      -10.740        0.111      -11.625
  854334.724        1.374       -6.669       -6.836      -12.772
  679529.781       -0.400      -10.084       -6.129       -1.609
  765819.753       -1.578       -9.289        6.618       12.360
  616944.801       -1.743      -12.825       19.693       30.655
  624159.799       -1.666      -10.508        9.233        8.406
  991859.680        0.477       -5.143      -12.263        6.317
  919544.703       -0.366      -12.980        9.279       12.342
  579899.813       -1.480       -9.016        8.267       -3.762
  851624.725       -1.035        1.540       -4.254      -23.120
  538554.826        0.051      -30.729       19.606       17.568
  929994.700        0.603        2.160      -13.807      -20.741
  677354.781       -1.469       -8.328        1.654        7.480
  940909.696       -1.237       -2.431        0.485       -0.812
  911219.706        1.338       -5.908        8.920        2.923
  529954.829       -1.731      -14.968        9.698       11.689
  852684.725       -0.705        4.616       -7.308       -4.887
  709229.771       -1.763      -10.564       11.393       13.507
  939109.697       -0.049      -30.036       13.165       26.469
  922044.703        0.512       -2.526       -6.179      -13.277
  655814.788        0.613        1.604      -21.530      -20.703
  828089.733       -0.917        3.879       -9.214      -20.531
  804604.740        1.543      -10.220        9.827        5.121
  920874.703        0.850        4.312      -11.618      -14.312
  632939.796        1.177       -0.849       -8.220      -10.160
  942924.696       -1.114       -0.146       -9.458      -16.669
  754879.756        0.345      -13.976       -5.530        1.662
  941349.696       -1.654      -11.283        1.040        6.406
  627639.798        0.532       -2.155      -10.874      -14.619
  701039.774       -1.304       -4.132        7.727        5.742
  729184.765        0.769        4.715      -18.157      -13.814
  757804.756       -0.920        2.799       -5.915       -5.761
  554684.821       -1.250       -3.002       -3.689      -12.584
  800234.742       -1.110        0.733        4.422       -0.602
  570454.816       -1.556      -11.094        3.264        8.511
  696544.775       -1.971      -15.229       15.519       32.678
  699919.774       -1.391       -6.714        0.443       -5.899
  899579.710       -1.739      -12.330       11.801       18.961
  741524.761       -1.700      -11.273       10.979        7.224
  958874.691       -1.928      -14.663        7.402       37.029
  578239.813       -1.605      -12.675        3.137       -4.681
  575389.814        0.964        3.201        1.714      -13.221
  991419.680        1.113        0.408       -3.466      -15.037
  752624.757        1.837      -14.635       15.712       15.641
  795989.743       -0.548       -0.856      -11.128      -18.669
  726739.766       -1.309       -3.658        1.691      -16.276
  512919.835       -1.452      -10.101        7.112       22.492
  798104.743        0.628        2.570      -23.624      -20.265
  546069.824       -0.826        4.052       -4.458       -2.947
  607624.804        1.505       -6.300        6.522        5.310
  924629.702        1.002        1.852      -15.456      -27.393
  576099.814        1.215       -0.837       -9.525      -16.501
  898619.710       -1.519       -8.531       12.431       -0.394
  848044.726       -1.703      -12.380       15.174        9.370
  754914.756        0.719        4.951      -14.203       -8.577
  624754.798       -1.961      -13.328       14.692       21.666
  991359.680        1.386       -5.576        5.817        0.215
  826569.733       -1.849      -13.117        7.300       20.813
  744419.760        0.481       -4.379      -13.934       -4.706
  901729.709       -1.867      -13.503       13.281       29.793
  506704.837       -0.032      -31.251       10.240       41.128
  586319.811        0.860        4.588      -16.244       -8.680
  663834.786        0.035      -31.133       14.790       24.702
  760549.755        1.995      -15.918       10.597       19.870
  594019.808        1.371       -4.409       -0.716       -9.447
  695574.776       -1.485       -9.828        3.345        2.358
  991749.680        0.793        5.219      -17.000      -21.034
  970219.687       -0.630        2.378      -18.176      -19.229
  907509.707        0.135      -27.327       10.479       12.049
  693874.776        1.951      -15.572       10.101       44.451
  820114.735        1.788      -13.977        8.925       30.956
  933904.699       -1.259       -2.658       -2.932       -9.350
  756914.756        1.238       -2.542       -6.358      -16.150
  744399.760        0.566        0.301      -11.625      -13.124
  675524.782       -0.474       -5.396      -14.849      -11.320
  914044.705        1.141       -1.415      -13.364      -19.477
  747744.759       -1.730      -11.529        7.014       25.112
  521519.832        0.902        4.418       -8.475      -13.838
  824454.734       -0.884        3.972       -4.745      -20.011
  576239.814        0.997        2.862      -11.598      -11.637
  914414.705        1.203       -2.524        0.438      -14.666
  576424.814        0.896        4.439       -7.619      -17.308
  886699.714       -0.343      -13.947       -1.365        3.413
  676644.782       -0.495       -4.134      -15.088        2.085
  655934.788        0.716        4.244       -9.278      -11.629
  832049.732       -0.946        3.392      -10.960      -17.765
  660399.787       -1.022        2.728        0.392      -10.491
  560379.819        0.888        3.752       -5.178      -23.280
  577474.814        0.525       -1.708      -13.598       -9.336
  967399.688       -0.016      -30.095       37.651       39.422
  529284.829       -1.612      -13.323        0.524       15.820
  791179.745        1.053        0.399      -10.143      -20.619
  812564.738       -0.379      -11.920        2.908        4.923
  728854.765       -0.332      -15.312       -3.334        1.617
  685534.779       -1.038        1.521      -12.291      -16.597
  768709.752       -1.900      -12.672       13.346       21.314
  832869.731        1.966      -16.836        9.451       33.160
  893249.712       -1.594      -11.096        7.639       28.021
  669484.784       -1.688      -11.652        8.714       24.434
  914699.705        1.192       -2.217        2.392       -7.142
  761234.754        0.918        3.931      -13.620      -21.869
  539094.826       -0.529       -1.786      -14.156       -9.899
  703234.773       -1.102        0.562       -6.789      -10.205
  579519.813       -1.713      -14.435        4.274        8.689
  603079.805       -1.951      -14.702        9.488       29.901
