  935154.698        1.655      -11.995        2.044       -1.375
  795834.743       -0.493       -3.969        5.112        5.059
  695494.776       -1.284       -4.779        2.481      -13.809
  999304.678       -1.934      -16.535       19.040       37.346
  870899.719        0.049      -29.918       21.002       19.891
  995859.679       -0.270      -20.106       19.512       20.873
  939104.697       -0.053      -29.979       19.808       19.492
  665429.785        1.373       -4.409       -6.080       -2.990
  587984.810        1.001        2.605      -15.447      -16.926
  968804.687       -1.016        1.158       -9.284      -15.149
  805569.740        0.229      -22.824       20.930       15.824
  727564.765        0.009      -31.106       19.405       10.669
  658009.788       -1.107        1.018      -10.432      -16.839
  985599.682       -0.581        0.462      -19.823      -14.069
  566694.817       -0.127      -28.137       16.224       16.201
  961234.690        0.581        1.508      -14.548       -5.485
  799429.742        0.666        3.807       -2.254      -13.599
  684304.779        0.811        4.525      -14.283       -8.341
  829684.732        0.901        2.809       -7.580      -13.361
  557919.820       -0.973        2.535      -15.414      -21.835
  791999.745       -0.416       -9.259       -6.290       -3.005
  652189.790       -1.828      -11.695       13.121       29.196
  985359.682       -0.244      -22.258        5.138       10.749
  906239.708       -1.154        0.318       -3.850      -14.083
  662774.786       -0.625        2.197       -9.875      -11.903
  673434.783        0.968        2.885       -7.667      -20.087
  703484.773       -1.655      -10.671        1.446       11.794
  732769.764        0.762        4.553      -21.103      -18.811
  845444.727        0.182      -25.672        8.862       20.043
  911799.706        1.208       -3.156        1.985        0.215
  502759.838        1.642       -9.269       12.460        6.047
  632429.796        1.371       -4.244       -0.294       -0.375
  954814.692       -1.133       -0.939       -7.414      -10.344
  539169.826       -0.560       -0.132       -7.531       -0.332
  690274.777        1.119       -1.080       -2.104      -15.101
  729624.765       -0.548       -0.867       -3.993        4.151
  723114.767        1.064        1.474       -8.872       -8.524
  763524.754       -1.287       -3.519       -3.819        2.701
  875939.717       -1.099        0.508        7.056       -7.677
  558314.820        0.965        2.707      -16.577      -20.803
  822844.735       -0.517       -2.369      -16.517      -15.302
  515214.834       -0.399      -11.484        0.674        1.427
  934559.699        0.574        0.912      -12.129       -5.811
  899334.710       -1.916      -14.504        7.730       29.486
  973049.686        1.760      -13.439        9.818       18.892
  594469.808        1.820      -12.358        8.249       15.970
  821194.735        1.164       -2.389       -0.837      -13.670
  686764.778        0.315      -16.465        0.700        6.573
  873209.718        0.484       -4.036        1.097       28.117
  560329.819        1.107        0.761       -4.903       -7.693
  745174.760        0.874        4.379      -17.347      -24.377
  739674.761        0.064      -29.626       22.084       22.828
  548019.823       -0.951        2.621      -10.576       -8.778
  690569.777        1.320       -4.994       12.520        1.032
  844794.727       -0.090      -29.609       24.421       21.393
  506809.837       -0.010      -31.153       30.589       31.341
  911614.706        1.197       -2.970       -1.289      -16.290
  999699.678       -1.487       -9.415       -2.178       -1.649
  679389.781       -0.344      -14.347       -2.815        9.400
  765829.753       -1.618       -9.970       11.664       15.347
  642974.793        0.682        3.488       -9.916       -2.863
  873184.718        0.572        0.670      -10.904      -11.263
  848349.726       -1.544       -9.266        1.724        8.212
  681114.780        0.621        2.370       -0.374      -19.481
  826544.733       -1.814      -12.684        2.785       24.276
  808539.739       -1.347       -4.265        2.866        0.554
  555324.821       -1.833      -16.503        9.237       12.381
  948959.694       -0.935        2.438      -19.037      -24.013
  630404.797        1.846      -12.584       10.436       31.638
  915259.705        1.152       -1.165        9.453        9.287
  518919.833       -0.879        2.678       -3.190      -17.070
  722139.767        1.573       -9.033        6.613        5.843
  688624.778        1.286       -4.707        9.474       -8.515
  801149.742        0.512       -2.849      -10.041       -8.561
  960444.690       -0.324      -15.649        6.858       17.517
  761729.754       -1.675      -11.596        5.764       21.662
  915399.705        1.033        1.203        4.353       -4.051
  634434.795        0.166      -26.118       25.521       36.217
  634714.795        1.109        0.513       -0.475      -10.816
  889009.713        0.537       -0.942      -11.637      -14.101
  843984.728       -0.147      -27.565       15.604       12.125
  985484.682       -0.311      -17.446        2.369       14.691
  758779.755        0.861        4.643      -22.155      -13.249
  772869.751        0.066      -29.826       46.098       47.405
  549064.823        0.382      -12.066        1.265       -1.569
  896664.711       -1.967      -15.355       16.556       34.779
  715909.769        1.250       -3.416        2.585       -7.722
  643244.792        1.145        0.240       -8.200       -5.208
  695149.776        0.882        4.102      -18.583      -17.935
  973254.686        0.739        5.067      -10.410      -20.811
  721479.767        1.158       -0.879       -0.249       -9.051
  741564.761       -1.717      -11.459        9.924       13.739
  916024.704       -0.764        4.408      -12.285       -9.815
  716834.769        1.549       -9.567        0.736       -2.609
  788294.746        0.539       -1.786        7.382       -3.529
  565814.817        0.590        0.510       -3.873        8.500
  749009.758       -1.086        0.427       -4.209       -7.142
  840904.729        1.386       -6.724        4.856        2.754
  502594.838        1.835      -12.551        4.664       21.554
  644044.792        1.635       -8.211        5.583        5.560
  673529.783        0.858        4.432      -13.125      -13.422
  906769.707        0.311      -16.848        6.316       13.846
  991609.680        0.812        5.138      -18.063      -15.238
  630304.797        1.835      -12.509       14.950       14.544
  555829.821       -1.727      -14.366        6.722       11.913
  775524.750        0.931        3.311      -18.900      -23.212
  789419.745       -0.684        3.619      -21.594      -20.217
  853364.725        0.527       -2.134       -7.878      -11.397
  588224.810       -0.863        3.444       -9.964      -24.731
  550654.822        0.921        3.484       -4.205       -8.047
  798134.743        0.563       -0.073      -14.976       -5.959
  771869.751       -0.621        1.878        3.745       -3.371
  657524.788       -1.073        1.351       -6.847      -15.096
  681399.780        0.213      -23.304       16.639       16.861
  785464.747        1.969      -15.524       13.302       19.006
  526754.830       -0.667        3.465      -10.127      -18.815
  995839.679       -0.104      -29.136       16.756       32.040
  669519.784       -1.793      -12.632       13.116       16.865
  585924.811       -1.056        0.891       -5.879      -13.349
  946774.695       -0.922        2.477       -0.931        1.845
  853534.725        0.344      -14.707        4.598        1.860
  843954.728        0.007      -31.056       19.562       24.375
  872679.718        0.187      -24.380        9.035       29.667
  825564.734       -1.199       -0.797       -5.792      -12.715
  980514.684        1.113        0.080       -6.731      -15.285
  677194.782       -1.233       -2.566       -3.563      -19.419
  664974.785        1.148       -0.735       -5.720      -12.480
  721524.767        1.214       -1.891       11.673      -14.175
  789474.745       -0.721        4.179      -13.757      -15.036
  932704.699       -1.096        0.035       -3.528      -12.334
  850644.726        0.595        1.319      -17.279      -22.061
  673309.783        0.905        3.814        0.728        5.269
  680919.780        0.363      -12.991       -4.283        9.797
  831409.732        0.969        1.649      -14.228       -9.001
  593824.808        0.966        3.171       -9.428      -15.736
  975559.685        0.936        3.107      -14.894      -21.237
  546029.824       -0.683        4.267       -1.981      -17.881
  661889.786       -0.508       -3.661       -9.298      -10.174
  920404.703       -0.778        4.584      -17.283      -17.141
  572934.815        0.177      -25.561       10.187       17.894
  825179.734       -1.008        2.259        2.476       -2.799
  658084.788       -1.014        2.493      -10.697      -27.586
  787314.746       -1.521       -6.164       16.181       19.812
  550524.822        0.611        1.137      -18.535      -23.294
  553219.822       -1.959      -18.300       11.465       18.923
  727089.765       -0.634        2.166      -21.734      -15.701
  668139.784        0.465       -6.265       -5.213      -13.596
  982384.683        1.171       -0.755       -6.972      -16.614
  823464.734       -0.718        4.439       -9.930      -18.881
  801324.741        0.591        1.190      -16.649      -14.464
  901164.709       -1.354       -4.125        3.756        3.557
  671084.784       -1.336       -4.566       -0.036       -1.777
  547069.824       -1.273       -4.612       -5.288       -4.431
  906749.707        0.139      -27.209       18.198       22.278
  508084.836       -0.747        3.001      -14.636      -17.923
  976289.685        1.540       -9.950       10.151        0.931
  946579.695       -0.750        3.780       -4.770      -23.875
  658989.787       -0.687        3.851      -16.717        1.601
  790274.745        0.339      -15.248        2.079       -1.970
  507874.836       -0.619        0.815        6.928      -20.996
  503419.838        1.159        0.953       -3.944      -14.578
  730844.764       -1.120        0.196       -9.155      -21.189
  908174.707        1.169       -3.097        4.759       -0.364
  616504.801       -1.814      -13.894        9.793       19.929
  968594.688       -1.197       -1.804       -6.346      -19.453
  690739.777        1.421       -6.980       -0.438       -8.386
  534824.827        0.962        3.352       -6.562      -11.522
  544079.824       -0.573        1.291      -16.299       -7.844
  760299.755        1.880      -14.986       13.399       30.005
  592669.809       -0.431       -8.370      -10.772       -7.187
  628599.797       -0.578        0.588       -4.402       -5.197
  570384.816       -1.578      -11.704        1.466       15.049
  856474.724        1.997      -15.920       12.540       43.038
  889339.713       -0.466       -4.974       -1.295       22.307
  824499.734       -0.759        4.769       -3.620       -6.297
  835784.730        0.260      -21.055       20.770       20.855
  669469.784       -1.628      -10.850        7.304       20.096
  797484.743        0.329      -15.792       -0.716        5.040
  990109.681        1.954      -15.242       11.547       18.102
  971374.687       -0.675        3.471      -19.179      -18.556
  626424.798        0.712        3.678      -18.733       -6.206
  882699.715        0.531       -1.551      -12.730      -17.746
  515509.834       -0.328      -16.576       -5.506        4.248
  732194.764       -0.238      -22.001       10.420       23.531
  760514.755        1.912      -15.144        8.128       24.048
  940634.697       -0.958        2.023       -7.005      -12.181
  601409.806       -0.955        2.174      -12.103      -12.485
  980519.684        1.111        0.118       -7.611      -13.886
  546464.824       -1.059       -0.209      -14.060      -23.299
  554364.821       -1.255       -3.299       14.092        8.977
  618604.800       -0.839        4.416      -17.585      -16.025
  551989.822       -1.581      -13.065       14.147        5.833
  573439.815        0.565       -0.240      -11.426      -12.556
  577739.814        0.134      -27.265       11.586        9.315
  901354.709       -1.397       -5.032        7.001        2.202
  874259.718       -1.534       -9.333       16.661       -2.023
  531604.829       -0.886        3.338       -7.348      -17.342
  837269.730        1.058       -0.028       -1.397      -13.907
  658599.788       -0.936        3.652        1.696      -22.274
  616289.801       -1.951      -15.211       15.076       46.215
  838799.729       -0.123      -28.592        7.937       10.484
  835304.731        0.703        4.007       -8.125      -19.762
  616484.801       -1.844      -14.265        4.735       17.891
  970454.687       -0.666        3.345      -23.455      -24.055
  663094.786        0.248      -22.533        5.096       14.778
  563694.818        1.749      -10.768       10.043       20.721
  611904.803        1.840      -11.121        9.442       38.972
  953574.692       -1.718      -12.958        6.024       18.244
  918254.704        1.766      -13.446       14.073       18.181
  576774.814        0.188      -25.236       18.646       12.783
  753449.757        1.354       -5.051       12.183      -13.174
  813074.738        0.537       -1.180      -18.241       -5.550
  726159.766       -1.209       -1.874       -3.003       -8.683
  753029.757        1.787      -13.711        8.534       11.760
  614654.802       -1.004        1.395       -8.320       -5.601
  608309.804        1.786      -11.203       20.922        9.136
  629854.797        1.040        1.048       -9.528       -3.922
  593109.809        0.470       -5.251       -4.452       -1.595
  870489.719       -0.457       -5.715       -8.234       -4.315
  764084.754       -1.427       -6.565       -4.013       -0.359
  543284.825       -0.486       -3.506      -10.584        1.474
  924154.702        0.048      -29.911       11.224       16.816
  985044.682        1.007        2.330      -13.924      -16.594
  571284.816       -1.267       -3.053        5.450       -3.315
  876429.717       -0.410       -8.812        0.914       -3.307
  658389.788       -0.366      -13.521       10.907       22.505
  677694.781       -1.531       -9.478       -0.920        5.023
  593709.808        0.619        2.436      -10.905      -11.584
  594924.808        1.089        1.142       -4.825      -16.134
  578099.814       -1.443       -8.722       -1.661        1.696
  731879.764       -1.951      -12.667       13.626       27.777
  551279.822       -0.686        4.472      -14.370      -22.016
  998369.678        0.794        5.271      -11.881      -18.421
  754159.757        0.035      -29.945       11.207       20.585
  846029.727       -0.745        4.797      -15.744      -20.534
  995804.679        0.141      -27.832       16.543       14.146
  809799.739       -0.895        3.767       -4.155      -22.621
  970799.687        0.800        5.005      -13.853      -10.762
  944434.695        1.567      -10.233        4.940        3.733
  985664.682       -0.447       -7.261        0.341       11.150
  505654.837        1.751      -10.195       17.867       24.048
  852764.725       -0.660        3.842       -6.744       10.524
  510974.835        0.475       -5.208       -9.125      -15.232
  632609.796        1.078        0.590       -1.328       -8.653
  764264.753       -1.800      -12.529       15.008       38.909
  583559.812       -1.378       -5.581        2.912       -8.266
  823624.734       -0.417       -8.708       -5.796       -4.300
  602809.806       -0.583        0.550      -14.778       -8.266
  627814.797        0.006      -30.181       13.922       23.827
  945704.695        1.794      -13.556       14.460       30.521
  922009.703        0.551       -0.370        3.518        0.722
  915094.705        1.210       -2.429       -4.388      -11.956
  999249.678       -1.812      -15.302        7.692        9.170
  723569.767        1.304       -3.007        7.692      -14.370
  914354.705        1.195       -2.405       13.932        7.223
  767794.752       -1.288       -3.212       -0.488      -16.826
  823939.734       -1.338       -4.199        0.383       -4.912
  946064.695        1.308       -4.383        5.105       -6.949
  660784.787       -0.388      -12.098       -4.784       -2.541
  583214.812       -1.214       -2.028        1.182       -9.317
  871564.719        0.862        3.807      -16.296      -28.393
  716014.769        1.201       -2.402        7.544      -14.270
  827074.733       -1.501       -7.000       10.314        9.929
  714404.770        0.673        3.583      -21.676      -25.014
  614434.802       -1.094       -0.307       -9.723       -7.538
  828279.733       -0.680        4.126       -4.795       -2.726
  872664.718        0.090      -28.372       12.489       20.961
  756064.756        0.207      -23.289        8.045       20.024
  589539.810       -0.919        2.891      -12.615      -17.334
  752844.757        1.629      -11.181       11.791       30.064
  577919.814       -0.854        3.056      -20.051      -30.258
  613159.802       -0.117      -28.885       14.611        9.318
  703714.773       -1.872      -12.901       10.719       25.728
  606524.804        1.530       -7.395        4.987       -0.989
  868979.720        0.837        4.176      -16.257      -14.858
  932294.699       -1.702      -12.244        7.477        1.864
  772794.751       -0.031      -30.475       24.216       13.389
  826554.733       -1.724      -11.346       11.517       20.218
  778924.749       -1.754      -10.646        9.374       15.477
  535574.827        1.824      -10.918       10.349       10.152
  871054.719        0.442       -7.372      -13.188       -3.213
  685259.779       -0.946        3.127      -14.180      -22.959
  837529.730        1.260       -4.169        1.612      -15.494
  510729.835        1.588       -6.659        4.640       -1.916
  694289.776        1.601       -9.647        5.074        4.614
  618599.800       -0.824        4.494      -10.909      -16.875
  919789.703       -0.527       -1.988      -12.256       -8.791
  687009.778        0.138      -26.889       13.845        6.923
  598989.807       -1.343       -5.270        4.088        1.089
  773374.751        1.966      -16.054        9.491       21.554
  941389.696       -1.737      -12.673        5.617       17.733
  992539.680       -1.599      -12.084        6.589       13.685
  798954.742        0.724        4.573      -15.080      -23.326
  575014.815        1.618       -8.914       16.688       -4.189
  910249.706        1.575      -10.497        7.694       12.950
  857694.723        1.680      -11.109        5.986       17.892
  830214.732        1.801      -14.816       19.408       20.695
  728539.765       -0.192      -25.080        8.467       25.699
  971194.687        0.729        5.018      -17.456        3.073
  906339.708       -1.248       -1.308        0.134       -4.426
  845724.727       -0.383      -11.223       -1.406       13.565
  505229.837        1.949      -13.035       20.411       15.053
  966979.688        0.730        5.246      -12.754      -10.599
  873779.718       -1.045        1.161       -9.874      -19.857
  609204.803        1.143        0.627       -5.761        9.099
  661079.787        1.077        0.447      -10.362      -20.207
  916359.704        0.054      -29.896       17.196       24.052
  891704.712       -1.905      -15.951       12.621        6.872
  633874.796        0.537       -2.086      -12.604       -0.629
  566879.817       -0.019      -30.564       12.953       23.892
  828194.733       -0.947        3.482      -15.836      -16.781
  794164.744        0.893        3.665       -7.390      -13.201
  702564.773       -1.427       -6.789        7.575       -3.587
  786099.746       -1.571       -7.301       18.433        9.280
  628849.797        0.041      -29.975       23.496       15.974
  542854.825        0.138      -27.149       11.487       11.587
  534479.828        1.894      -11.688       16.185       20.422
  615299.802       -1.141       -0.937       -3.763      -21.814
  879229.716       -0.572        1.016       -8.764       -2.527
  888844.713        0.387      -10.858        5.287       16.565
  799889.742       -0.973        2.695        0.366       -9.033
  508124.836       -0.568       -0.964      -18.390      -17.907
  700679.774       -1.705      -11.966        9.666       14.167
  749574.758        0.472       -4.742      -13.241      -12.545
  633189.796        1.477       -5.919       11.669        5.554
  675969.782        0.504       -3.562        6.142        8.765
  771484.751       -0.762        4.287      -19.217      -23.490
  916804.704        1.292       -4.021        0.346        2.462
  651444.790       -1.066        1.193       -4.278      -13.339
  527259.830       -1.458      -10.279       -3.357      -10.237
  512694.835       -1.982      -18.671       19.651       23.060
  515764.834       -0.399      -11.172       -4.534       -3.070
  939599.697        0.262      -19.849        8.845        6.744
  967134.688        0.427       -7.667       -5.033        9.438
  571264.816       -1.247       -2.597       -3.989      -11.830
  715144.769       -0.648        3.145      -19.805      -22.306
  761294.754        0.371      -12.357        1.927      -10.512
  801234.742        0.805        4.497      -17.172      -22.440
  580034.813       -1.097       -0.509       -8.363      -14.264
  874154.718       -1.638      -11.467       11.584       13.324
  995354.679        0.910        4.109       -5.926       -8.817
  524939.831       -0.070      -30.538       15.421       35.431
  504969.837        1.977      -13.574        6.691       18.873
  865744.721       -1.389       -5.719        0.569        5.474
  770329.751       -1.302       -2.782       -3.597      -11.061
  876869.717       -1.384       -5.623        3.927       10.755
  659264.787       -1.021        2.570      -12.132      -11.247
  722294.767        1.185       -1.083        7.430       -8.650
  950249.693        1.608      -10.883       14.052       15.117
  525269.831       -0.688        3.324      -17.373      -21.057
  705994.772       -1.714      -10.913        7.063       13.373
  676239.782        0.603        1.482       -7.190       -3.304
  659189.787       -1.016        2.609       -6.637       -6.853
  731479.764       -1.824      -12.132       15.245       22.434
  626439.798        0.811        4.155      -13.217        2.198
  830304.732        1.778      -14.384       12.999       32.153
  891224.712       -1.348       -5.565        3.307       -0.396
  889104.713        0.476       -4.467       -7.416       -7.674
  789004.745       -0.848        4.342      -18.211      -19.595
  946299.695        0.822        5.128      -16.069      -10.991
  694384.776        1.362       -4.899       -1.233        3.533
  884104.715        1.574      -10.219       11.694        2.984
  681044.780        0.659        3.485      -17.506      -22.094
  876949.717       -1.550       -9.494       15.305        4.017
  558289.820        0.942        2.986      -11.793      -23.093
  628959.797       -0.600        1.627      -15.460        0.337
  823224.734       -0.578        0.752      -17.252      -10.576
  943494.696        0.767        5.287      -18.980      -26.283
  525479.830       -0.739        3.842       -7.252      -18.868
  546919.824       -1.126       -1.322       -5.712      -19.512
  866109.721       -1.277       -2.925        7.068      -16.575
  858104.723        1.846      -13.251        7.261       15.972
  634944.795        1.586       -7.805       10.173       17.912
  713134.770        0.757        4.507      -19.235      -12.662
  854139.724        1.038        0.213       -6.981      -23.423
  960579.690        0.166      -25.810       16.266        7.616
  632684.796        0.993        1.979       -6.360       -7.290
  693519.776        1.623      -10.378        2.401        8.174
  741349.761       -1.179       -1.358       -8.002      -16.227
  725594.766        0.801        4.917       -8.727      -15.508
  655669.788       -0.178      -26.389       10.023       19.004
  604649.805       -0.717        3.973       -9.075      -20.483
  770794.751       -1.335       -3.262       -5.445       -4.456
  944394.695        1.428       -7.396        0.943       -7.207
  976004.685        1.545      -10.136        5.148        3.652
  800049.742       -1.175       -0.410       -5.189      -12.459
  697514.775       -1.373       -6.810        6.048       12.063
  944094.695        0.666        4.301      -10.150      -22.657
  784104.747        1.776      -13.396       15.039       10.688
  924514.702        0.340      -14.465       -0.297       10.109
  968859.687       -0.798        3.847       -7.610      -10.767
  844264.728       -0.495       -3.643       -2.096        2.138
  841534.729        1.976      -16.445       12.093       29.537
  586414.811        0.916        3.911       -8.272       -2.775
  680964.780        0.518       -2.432      -13.759       -1.379
  661749.787       -0.658        3.207       -8.878      -14.189
  583769.812       -1.697      -12.794        4.771       10.045
  609759.803        1.977      -14.065        6.899       19.666
  848009.726       -1.814      -14.008       21.266       19.100
  663929.786       -0.126      -28.843        5.918       10.921
  923404.702       -0.264      -20.240        3.911        7.461
  945729.695        1.595      -10.471       15.577       14.765
  721879.767        1.315       -3.715       14.040       -3.936
  772894.751        0.071      -29.717       25.757       34.040
  882944.715        0.783        4.386      -18.291      -25.020
  643704.792        1.398       -3.934        1.920       -0.405
  800694.742       -0.885        4.071      -10.505      -21.393
  634964.795        1.609       -8.203        4.698       -0.848
  711739.770       -1.913      -11.293       12.947       14.462
  606234.804        1.586       -8.758        3.268       12.088
  924044.702        0.373      -12.036        3.823       -0.479
  539944.826       -0.075      -29.728       14.495       23.773
  525884.830       -0.982        1.035      -13.242      -16.824
  973799.686       -0.810        4.185      -13.093      -17.426
  584449.811       -1.959      -15.897       24.047       38.315
  665894.785        1.014        1.751       -8.187      -11.344
  507084.836       -0.556       -1.854       -4.796      -13.291
  900834.709       -1.512       -7.917        4.675       -2.941
  728824.765       -0.342      -14.536       -0.667       21.991
  975634.685        1.094       -0.220        3.538        0.991
  667009.785        0.930        3.079       -6.331      -17.510
  557674.820       -1.538      -10.008        1.265        4.333
  839239.729        0.493       -4.258      -12.967       -7.542
  721234.767        1.335       -4.449       -3.379       -8.906
  854684.724        1.779      -13.726        6.394        8.717
  618929.800       -1.183       -0.861        6.046        0.382
  912304.706        0.639        2.893       -4.048        6.396
  834889.731        1.896      -15.288        8.278       17.285
  942649.696       -1.819      -13.401       12.545       17.047
  963414.689        1.117       -0.343       -1.545        4.204
  624449.799       -1.780      -11.829       12.796       14.200
  616579.801       -1.694      -12.456        2.101        9.746
  757009.756        1.073        0.901       -2.218      -16.694
  882839.715        0.704        4.151      -25.035      -22.464
  701194.774       -1.600      -10.303        3.835        9.251
  664859.786        0.903        3.171       -9.611       -2.270
  515414.834       -0.042      -30.803        7.870       14.143
  984399.682       -0.800        4.060      -18.832      -24.137
  851769.725       -1.856      -14.223       13.167       24.836
  852994.725       -0.171      -25.884       16.033       18.947
  923894.702        0.566        0.487      -11.454      -20.658
  524209.831        1.917      -12.056        9.381       11.989
  893974.712       -1.606      -11.021        0.542        3.827
  534539.828        1.699       -9.396        2.816        8.406
  857914.723        1.774      -12.332        3.238       32.021
  614229.802       -0.670        3.346      -11.517      -12.172
  799909.742       -1.141        0.133        2.013      -10.748
  991594.680        0.744        5.060      -10.963       -9.523
  948449.694       -1.029        0.933       -3.062       -9.537
  722469.767        1.106        0.446       -4.379      -13.118
  606114.804        1.539       -7.881        4.004        7.107
  989014.681        1.409       -6.421       -2.278       -0.898
  589819.810        0.085      -29.400       15.255       20.643
  870384.719       -0.561        0.375       -8.220      -15.417
  914519.705        1.143       -1.265        1.337       -8.278
  571584.816       -0.558        0.078       -3.014       -0.204
  801894.741        0.480       -4.816      -17.508      -12.156
  624429.799       -1.793      -11.986       11.198       11.539
  503889.837        1.228       -0.047       -1.336      -23.876
  527499.830       -1.319       -6.126        9.077       -6.637
  973544.686       -0.622        2.161        8.224      -15.808
  848204.726       -1.482       -7.965        0.983       -2.967
  977924.685        1.323       -4.896       -0.446       -9.335
  527349.830       -1.526      -11.990        1.008       30.014
  637649.794       -0.526       -2.344       -8.835        4.613
  804624.740        1.506       -9.525       10.597        6.553
  783839.747        0.946        2.755       -5.743      -23.712
  935059.698        1.623      -11.473        6.450        6.609
  713469.770        0.277      -19.537        6.452       18.381
  588974.810        0.095      -29.129       22.499       25.284
  681944.780       -0.111      -28.130        9.957       11.564
  828464.733       -0.615        2.396      -19.725      -13.112
  729679.765       -0.439       -7.417        9.663       18.070
  678374.781       -0.878        4.102       -9.575      -14.176
  583664.812       -1.424       -6.680        3.937        1.105
  942354.696       -1.929      -14.610        5.865       17.043
  633654.796        0.932        3.153      -16.190      -17.191
  977084.685        1.934      -15.444       13.346       17.533
  566989.817        0.245      -21.882       12.335       10.878
  812444.738       -0.737        4.472      -14.723      -10.126
  806334.740       -0.610        1.582      -14.673      -21.680
  738744.762        0.237      -22.149       12.531       14.012
  588599.810        0.311      -16.811        5.753       10.551
  791394.745        0.986        1.894      -12.517      -22.283
  825534.734       -1.195       -0.728       -8.176      -18.623
  732524.764       -0.045      -30.130       15.837        9.757
  535089.827        1.348       -2.535       -2.295      -15.418
  591549.809        1.448       -5.879        6.541        3.546
  938024.697        0.569        0.719       -6.005       -3.526
  514689.834       -1.059       -1.458      -14.239      -10.779
  687989.778        0.210      -23.102       19.808       16.998
  726434.766       -1.243       -2.420       -9.242      -15.086
  950054.694        1.329       -5.057        5.957       -2.602
  508129.836       -0.544       -2.119      -13.951      -15.703
  615849.801       -1.411       -7.015        1.094       -6.934
  760099.755        1.655      -11.529        6.238       26.704
  919669.703       -0.662        3.269      -16.323       -4.838
  756879.756        1.207       -1.936       -3.397       -9.383
  774654.750        0.681        3.764      -20.131      -17.930
  713964.770       -0.616        2.002      -21.848      -21.199
