  854429.724        1.389       -6.930        2.249       11.515
  571794.816       -0.304      -17.070        5.449       19.041
  664939.785        0.971        2.182       -7.896       -7.882
  633654.796        0.932        3.153      -17.186      -18.425
  609784.803        1.921      -13.252       10.649       22.016
  779909.748       -1.305       -1.755        3.166      -10.246
  955659.692        0.754        5.337      -13.726      -21.609
  637919.794       -1.747      -11.980        6.620        5.733
  585424.811       -1.078        0.439       -1.843      -17.999
  960674.690        0.353      -13.407       -4.767       11.486
  983834.683        0.404      -10.192       -1.355       -4.926
  513124.834       -0.843        2.443       -8.873      -18.014
  617974.801       -0.989        2.369       -2.427       -9.101
  769329.752       -1.695      -10.315       21.398       28.891
  684859.779       -0.614        2.245      -23.241       -8.946
  832724.731        1.840      -15.119        7.599       20.794
  500039.839        1.000        3.184      -13.357      -18.710
  802039.741        0.479       -4.773      -14.958       -9.961
  541684.825        0.925        4.078       -7.379      -18.144
  938109.697        0.410       -9.317       -5.487       -1.989
  721094.767        1.645      -10.788        8.733        9.083
  656684.788       -0.197      -25.201       12.850       11.789
  904569.708       -1.625       -9.493        4.532        3.552
  922124.703        0.872        4.085       -9.477      -16.975
  851474.725       -0.406       -9.552        2.900       18.227
  946209.695        0.934        3.503       -5.898       -5.166
  977769.685        1.728      -12.794        7.586       17.184
  557939.820       -0.798        4.834      -12.360      -19.664
  886354.714       -0.473       -4.584       -7.338       -4.699
  623769.799       -1.442       -6.491        8.208        3.679
  681004.780        0.671        3.772      -22.333      -20.597
  576734.814        0.326      -15.944        0.747        5.781
  747159.759        0.180      -24.886        8.641       25.800
  584334.811       -1.941      -15.822        8.573       22.254
  881409.716       -0.625        2.951      -10.676       -9.499
  921274.703        0.327      -15.723        2.697        6.892
  681989.780        0.231      -22.127        1.933       13.619
  959824.690       -0.173      -25.667       19.751       12.890
  790384.745        0.419       -9.318      -10.248        6.361
  683119.780       -0.571        0.343      -11.050      -21.522
  739684.761        0.144      -26.977       10.746        7.769
  682409.780       -0.479       -4.596       -8.714        3.331
  686994.778        0.238      -21.654       14.921        0.066
  874009.718       -1.543       -9.645       10.487        7.841
  635114.795        1.333       -3.021       -4.261       -4.621
  780144.748       -1.344       -2.511       -2.194        9.889
  758434.755       -0.627        2.193       -8.379       -7.591
  851584.725       -0.827        4.693      -12.809      -21.405
  711529.770       -1.299       -2.889       -3.322       -8.060
  851619.725       -1.050        1.275      -12.894      -26.418
  687119.778        0.332      -15.026        2.765        9.244
  713389.770        0.461       -6.291      -12.102      -10.888
  775634.750        0.611        1.775      -14.067      -17.798
  694094.776        1.967      -15.629       17.343       34.469
  836119.730        0.996        1.050       -7.171      -11.060
  804389.741        1.668      -12.595        9.256        3.800
  755374.756       -0.617        1.653      -10.070        1.490
  669114.784       -0.914        3.682       -5.851       -9.718
  911469.706        1.310       -5.274       -0.512       -8.179
  837639.730        1.073       -0.203      -10.180      -17.795
  999159.678       -1.787      -15.031       10.017       24.582
  699659.774       -1.912      -14.148        9.189       18.620
  822709.735       -0.629        2.521      -13.157      -10.830
  857924.723        1.845      -13.360       13.944       10.570
  854669.724        1.709      -12.565       -0.506        8.469
  722599.767        1.369       -4.580       -2.339       -3.812
  590099.810        1.646      -10.065       17.080        4.532
  782534.748       -0.998        3.025      -10.782      -12.917
  684109.779        0.628        2.496      -16.314      -15.419
  630379.797        1.841      -12.594       22.550       21.451
  922359.702        1.034        1.187       -5.797      -23.624
  988804.681        1.969      -15.434       13.573       23.655
  785609.747        1.398       -6.219        1.177        0.316
  607694.804        1.294       -2.357        9.941       -0.280
  514284.834       -0.161      -27.558       13.687       17.245
  545539.824       -1.724      -15.271       19.234       20.362
  548144.823        0.088      -28.775       21.181       50.023
  934539.699        0.423       -8.280       -5.184       17.417
  666209.785       -0.281      -19.514        7.012       41.490
  679064.781       -0.479       -4.922       -5.023        0.318
  774779.750        0.378      -12.334        3.943       33.462
  879514.716       -0.876        4.336      -16.807      -20.501
  893949.712       -1.656      -11.971        3.675       19.201
  511214.835       -1.067       -1.749       -8.951      -12.345
  668469.784       -0.596        1.140      -11.013       -5.574
  726594.766       -1.278       -3.087       -5.315      -12.884
  738664.762        0.364      -13.196        8.169        5.702
  955589.692        0.116      -28.050       12.029       18.793
  973479.686       -0.375      -12.126        0.134        0.270
  627319.798        0.150      -26.666       13.386       28.143
  517084.833       -1.816      -17.198        7.273       15.465
  891569.712       -1.539      -10.106        4.332        7.276
  773994.750        1.933      -15.363        7.683       23.594
  592819.809       -0.382      -11.879        4.526       -2.040
  994614.679       -0.981        1.221       -5.194      -21.088
  594114.808        1.820      -12.596       11.492       23.871
  794619.744        0.883        3.891      -13.509      -16.240
  838254.730       -0.153      -27.213        6.549       18.587
  663074.786        0.151      -28.031        5.031        8.012
  960884.690        0.443       -6.685        2.977       -1.300
  913564.705        1.155       -1.842       -1.017      -13.726
  578559.813       -1.852      -16.822       12.816       35.162
  776124.750       -0.539       -1.381       -3.505      -13.881
  727044.765       -0.775        4.258       -6.289      -20.444
  815359.737       -0.818        4.589       -9.534      -18.492
  731019.764       -1.529       -8.510        0.181       14.354
  799064.742        0.720        4.567      -22.913      -25.727
  538479.826       -0.313      -17.479        5.405        4.467
  762259.754       -1.309       -4.410       -3.494      -11.693
  941584.696       -1.954      -15.003        7.524       23.372
  573124.815        0.767        4.696      -17.316      -11.269
  829034.733        0.469       -5.938       -9.182       -1.654
  907799.707        0.117      -27.903       14.125       20.294
  548729.823        1.194       -0.182        0.846       -4.343
  990294.681        1.997      -15.492       14.864       20.288
  739629.761        0.136      -27.345       12.735       14.006
  626279.798        0.346      -14.872        7.738        4.032
  584444.811       -1.977      -16.048       20.991       23.408
  834369.731        1.941      -15.943       12.451       33.932
  507404.836        0.677        4.012      -14.085       -9.631
  527259.830       -1.458      -10.279       -4.353      -11.471
  837924.730        0.415       -9.798       -4.969        1.954
  992549.680       -1.636      -12.797        5.721       12.964
  824504.734       -0.786        4.798      -11.077       -0.108
  695464.776       -1.128       -0.993      -11.999      -13.789
  572669.815        0.629        2.086      -15.943      -19.235
  658794.787       -0.809        4.810       -9.651      -15.170
  984394.682       -0.806        4.021      -21.873      -25.930
  626999.798        0.067      -29.811       12.511       19.940
  961954.690        1.833      -14.649       10.085       32.956
  561044.819       -0.104      -28.438       35.320       27.309
  756499.756        0.864        4.635      -10.001      -17.372
  739564.761        0.162      -26.250       14.935       16.986
  551329.822       -0.989        1.550       -4.199       -7.006
  774799.750        0.364      -13.339       -0.739       10.072
  649809.790       -1.567       -9.514        5.496        9.069
  825424.734       -1.392       -4.970        5.903       -1.158
  666204.785       -0.226      -23.247       27.904       31.394
  792164.744        0.053      -30.036       12.994       25.552
  945979.695        1.434       -7.224        1.025        1.220
  669004.784       -0.658        3.195      -23.403      -14.818
  548629.823        1.328       -2.494        7.147      -12.518
  658939.787       -0.830        4.797      -10.272      -12.670
  887814.714        1.514       -9.003       20.355       28.743
  963579.689        1.019        1.771      -10.837      -16.678
  700534.774       -1.871      -13.597       13.525       14.657
  764194.753       -1.514       -8.302       -3.073        4.981
  812159.738       -1.885      -13.331       16.013       15.251
  918954.704        0.653        3.443      -19.507      -17.399
  937439.698        0.930        3.505      -13.995      -17.788
  851639.725       -0.985        2.423        2.739      -21.108
  986364.682       -0.071      -30.124       13.309       14.664
  558204.820        0.825        4.124       -6.644      -16.116
  764344.753       -1.667      -10.756       19.102       22.064
  615184.802       -1.023        1.218       -0.340      -16.608
  526474.830        0.120      -28.694       19.187       19.948
  588824.810        0.647        3.315      -12.873      -12.110
  575719.814        1.355       -3.500        0.602       -6.754
  802444.741        1.281       -5.384       -8.879       -8.195
  907499.707        0.034      -30.119       15.332       15.579
  609914.803        1.906      -12.862        4.374       20.896
  642154.793       -1.319       -3.736       -3.619      -12.464
  500439.839        1.252       -1.202       -8.077      -11.492
  799714.742       -0.597        1.391      -13.038      -11.635
  767709.752       -1.655      -10.201       12.633       -2.129
  675279.782        0.237      -22.393       10.692       20.519
  550649.822        0.905        3.660       -7.946      -11.845
  508674.836        1.419       -3.387       -6.445      -10.934
  944059.695        0.725        5.200      -14.185      -11.920
  984659.682       -0.228      -23.267       12.747        4.169
  986094.682       -0.670        3.392      -10.657      -19.009
  946099.695        1.214       -2.339       -5.612      -19.254
  866724.720        0.021      -30.332       19.858       19.781
  869389.720       -0.341      -14.316       11.575        2.940
  715949.769        1.261       -3.650       -7.435      -14.673
  994749.679       -0.949        1.864       -5.190      -15.774
  719304.768        1.541       -9.117        4.454       10.027
  761459.754       -1.003        1.359       -1.232      -18.828
  863909.721        0.921        2.874      -11.066      -14.768
  826269.733       -1.737      -11.736        7.528       16.706
  933969.699       -1.334       -4.258       -5.163       -1.439
  671304.783       -0.346      -14.589        7.119        7.462
  590029.810        1.400       -5.072        3.999       -2.537
  775334.750        0.684        3.866      -17.554       -9.578
  683204.780       -0.559       -0.150      -13.361       -8.944
  777769.749       -1.452       -5.588       10.650        1.106
  934789.698        1.104       -0.193       -9.476      -13.244
  514849.834       -0.972        0.290      -14.079      -19.091
  713494.770        0.249      -21.468        4.519        5.197
  547619.823       -1.297       -4.856       -2.946      -11.187
  878644.717       -1.562       -9.580       10.870        9.154
  997749.678       -1.415       -7.888        9.032       11.420
  761239.754        0.920        3.882       -7.189      -17.677
  770149.752       -1.361       -4.093        3.222      -11.174
  503679.838        1.183        0.654        2.108      -11.162
  622419.799       -0.904        3.943      -11.107       -4.825
  963209.689        1.264       -3.623        9.113       29.181
  845839.727       -0.839        4.430      -15.637      -26.158
  845099.727        0.495       -4.059      -15.063      -17.035
  623104.799       -1.816      -12.678        2.791       23.064
  867149.720        1.927      -13.394        9.606       25.014
  935594.698        1.809      -14.244       13.734       29.106
  920769.703        0.571        0.328      -12.120        6.766
  771204.751       -0.800        4.287      -15.295      -18.800
  542444.825       -0.784        4.229       -7.993      -24.548
  787429.746       -1.133        1.321        4.867      -16.626
  521774.832        0.946        3.914       -9.757      -22.442
  633009.796        1.426       -5.065       -2.888       -3.679
  973339.686        0.241      -21.656       23.243        9.628
  995814.679        0.072      -30.123       19.353       30.475
  747654.759       -1.628      -10.345        9.958       13.546
  574604.815        0.458       -6.114       -3.647        1.715
  629439.797        0.062      -29.541       13.069       30.293
  991244.680        1.856      -13.775       16.199        6.048
  943394.696        0.828        4.912      -20.279      -24.967
  604959.805       -0.731        4.194       -8.096      -23.629
  830034.732        1.394       -7.581       -4.264       -2.324
  659714.787       -1.103        1.208      -13.713      -23.469
  840964.729        1.243       -3.876       -7.547      -14.266
  594144.808        1.721      -11.213       12.160       14.223
  778344.749       -1.115        1.006      -11.885        0.932
  605899.805        1.412       -5.417        5.141       -3.020
  539369.826       -0.286      -19.051       11.398        2.060
  908869.707        1.914      -15.483        7.560       21.990
  829574.732        0.767        4.351      -12.382      -28.669
  682589.780       -1.006        1.958      -14.491      -22.542
  969199.687       -0.718        3.773      -17.469      -29.489
  726104.766       -1.116       -0.136      -14.164      -17.058
  773184.751        1.500       -8.796        2.348       17.750
  844274.728       -0.542       -0.941       -6.632        7.955
  839639.729       -1.028        1.816      -10.338      -15.413
  804244.741        1.907      -16.054       18.272       24.890
  550569.822        0.838        4.201      -14.071      -12.748
  963269.689        1.186       -1.891       17.196       -6.940
  743954.760        0.311      -16.410       14.226       12.001
  659324.787       -0.834        4.875      -14.617      -15.267
  543554.825       -0.086      -28.393       38.998       37.201
  963604.689        1.009        2.008       -1.416      -12.601
  759329.755        1.556       -9.743        1.898        2.140
  661044.787        1.057        0.760      -14.652      -21.455
  898584.710       -1.302       -3.410       -0.370       -5.041
  666349.785       -0.568       -0.120       -0.951       -9.371
  790914.745        0.235      -22.311        5.433        7.138
  816229.737        1.514      -10.123        4.975       12.415
  614719.802       -0.922        2.798      -11.325       -2.495
  694769.776        1.067        0.700       -0.323       11.555
  800459.742       -0.854        4.342      -21.124      -19.006
  848124.726       -1.486       -8.097       -3.486       -9.383
  798244.742       -0.087      -29.338       12.460       20.565
  651564.790       -0.805        4.286       -5.701      -11.022
  769664.752       -1.591       -8.670        2.280       -4.236
  589489.810       -0.969        2.130      -10.870      -13.362
  957374.691       -1.759      -13.281       10.315       13.341
  938634.697        0.315      -16.316        0.959        3.323
  800729.742       -0.925        3.601        1.504       -5.759
  927394.701        1.526       -9.576       10.979        7.920
  898974.710       -1.745      -12.740        5.123       32.661
  732519.764       -0.022      -30.403        9.919       14.223
  515239.834       -0.290      -19.598       11.332        6.768
  953444.692       -1.109       -0.630       -1.860       -6.074
  913484.705        1.249       -3.784       -5.020      -16.103
  602684.806        0.787        5.102        1.870        0.464
  718709.768        1.568       -9.764       -1.423       -2.189
  872219.719        0.022      -29.852       11.455       26.763
  772694.751        0.031      -30.559       23.272       23.363
  872769.718        0.571        0.506      -12.884      -15.818
  873314.718        0.233      -21.526       13.587        6.273
  602599.806        0.277      -19.279        6.965       12.084
  919464.703       -0.405      -10.137       -5.383       -1.002
  633129.796        1.505       -6.412        1.112       -2.094
  946954.695        0.109      -28.317       23.070       26.392
  973974.686       -1.080        0.131      -11.303      -14.814
  672874.783        1.908      -13.923        5.389       18.635
  977789.685        1.648      -11.562        5.234        6.515
  992089.680       -0.977        1.218       -9.704      -22.598
  727689.765       -0.219      -23.573        9.858       11.066
  960104.690        0.078      -29.131       15.281       11.874
  806404.740       -0.549       -1.017       -7.617        0.322
  595384.808        0.910        4.284      -10.754       -8.967
  534984.827        1.261       -1.002       -6.300        6.905
  856709.724        1.774      -12.717        3.162       10.361
  967969.688       -0.953        1.938        0.780      -16.493
  812279.738       -1.572       -8.748        6.074        0.056
  856484.724        1.982      -15.738       14.442       27.319
  821384.735        1.269       -4.425        1.017      -12.565
  696764.775       -1.911      -14.869       11.478       13.352
  565609.818        1.237       -0.828       -5.821      -17.178
  843919.728        0.108      -29.178       14.963        7.238
  525449.830       -0.838        3.322      -21.855      -28.791
  693154.776        1.591       -9.995        6.756        3.455
  923554.702       -0.270      -19.752        9.630        1.999
  681554.780       -0.048      -29.738       19.478       28.021
  693849.776        1.844      -14.089       15.009       35.162
  667439.785        0.849        4.132       -3.363      -16.322
  879159.716       -0.653        3.793      -17.366      -15.325
  714919.769       -0.589        1.077      -16.281      -20.679
  881434.716       -0.632        3.156       -8.961       -6.342
  690619.777        1.333       -5.214        9.741        6.182
  835164.731        1.281       -4.952       -8.434      -16.244
  734104.763       -0.827        4.400      -15.005      -16.328
  846894.727        0.464       -6.047      -14.744      -12.230
  608209.804        1.619       -8.380       15.307       16.268
  525689.830       -0.903        2.414       -7.548      -15.100
  995669.679        0.958        3.366      -14.488      -30.566
  765729.753       -1.352       -4.687        1.326        2.291
  624894.798       -1.910      -12.829        9.399       32.749
  935129.698        1.694      -12.683        6.626        0.974
  678019.781       -1.610      -10.565        3.671       -1.568
  583649.812       -1.538       -9.518       -2.415       -0.050
  831614.732       -0.012      -30.798       22.080       23.465
  819334.736        1.550      -10.150        4.788        8.991
  713554.770        0.194      -24.812        9.070       27.335
  913609.705        1.149       -1.686       -6.934       -9.660
  827904.733       -0.350      -13.898       -7.310       -3.008
  609874.803        1.942      -13.480        7.564       21.575
  956579.691       -1.387       -6.263        0.382        4.167
  825044.734       -1.031        1.850       -1.570      -21.654
  554754.821       -1.348       -5.499       -0.240       -9.460
  520429.832       -1.340       -6.608       -5.023       -6.708
  535694.827        1.800      -10.557       10.816       22.635
  888849.713        0.405       -9.532       -3.432       11.840
  755804.756       -0.262      -19.992        1.279       10.716
  642914.793        0.540       -1.765      -12.440      -15.665
  678374.781       -0.878        4.102      -10.570      -15.410
  851034.725       -1.179       -1.091        7.020       -7.562
  572379.815        0.052      -30.208       32.305       15.800
  662544.786        0.044      -31.292       17.058       28.667
  919374.703       -0.618        1.934      -12.356      -17.637
  688914.778        1.441       -7.729        5.638       -3.988
  997944.678       -0.327      -15.941        8.573        0.715
  713214.770        0.690        3.834        0.072       -5.745
  526734.830       -0.654        3.182      -14.921      -15.232
  838944.729        0.620        2.063      -17.971      -13.370
  560579.819       -0.417       -8.125      -13.500        1.887
  626654.798        0.302      -17.897       -2.775        8.158
  754084.757        0.217      -22.872       20.960       30.060
  941549.696       -1.854      -14.110        9.807       27.047
  774974.750       -0.618        1.938      -10.189       -5.801
  618684.800       -0.995        2.384       -1.527      -19.081
  783884.747        1.190       -2.147        2.423      -18.764
  692914.776        1.516       -8.595        5.543       -4.464
  599244.807       -0.378      -12.510       14.033       25.977
  886794.714       -0.668        4.085       -9.889      -20.890
  805724.740        0.362      -13.142       -6.868       -3.816
  796004.743       -0.525       -2.026      -11.288        6.800
  942909.696       -1.082        0.333      -10.906      -10.863
  887599.714        1.511       -9.103        7.377      -10.019
  663629.786        0.248      -22.148        5.227       21.526
  851494.725       -0.425       -8.146       -1.861        4.669
  512809.835       -1.583      -13.242        7.758       18.377
  625424.798       -0.806        4.808      -14.728      -20.274
  931934.699       -1.803      -13.806        6.619       16.674
  779169.749       -1.212       -0.246        3.317      -15.508
  893759.712       -1.667      -12.293        9.023        8.497
  695119.776        0.953        2.995       -4.047      -12.602
  713059.770        0.688        3.726      -18.345       -9.146
  605094.805       -0.808        4.222       -4.878      -18.925
  890979.713       -1.106       -0.393       -4.078      -14.509
  583159.812       -1.331       -4.653        5.201       -5.541
  937234.698        1.270       -3.481        9.658       -6.403
  760484.755        1.873      -14.766       18.459       19.470
  890234.713        0.189      -24.316        6.578       12.046
  612434.802       -0.779        4.000      -11.856      -10.590
  508534.836        1.197        0.810       -4.153      -14.709
  788194.746        0.572       -0.163       -8.263       -1.377
  667374.785        0.950        2.886        1.381      -13.833
  956399.691       -1.115       -0.735       -3.263      -11.954
  532189.828       -0.630        2.648      -20.586      -20.072
  825959.734       -1.333       -3.436       -2.622       -8.238
  537089.827        1.858      -10.666       10.356       15.079
  518269.833       -0.948        1.072      -15.271      -20.215
  729409.765        0.193      -24.942        7.648       23.184
  836674.730        1.035        0.341       -6.373       -2.359
  669164.784       -1.027        1.857       -4.036      -19.647
  655249.789       -1.197       -0.902       -6.314       -9.788
  575139.814        1.460       -5.791        4.980       -2.614
  942414.696       -1.982      -14.901       17.950       21.013
  910739.706        1.119       -1.765        6.286      -19.383
  894724.711       -1.392       -5.881        1.141      -14.881
  558074.820       -0.255      -20.050       10.126       11.288
  874364.718       -1.459       -7.600       10.740       11.828
  593764.808        0.790        5.134      -11.341      -22.551
  681854.780       -0.490       -4.126      -16.252      -12.804
  507184.836       -0.274      -20.934        7.942       13.349
  692504.777        1.120       -0.743       -9.581      -18.920
  761479.754       -1.144       -1.279       -2.241      -17.270
  983179.683       -0.632        2.250      -13.136       -0.359
  795874.743       -0.526       -2.055      -13.645      -16.484
  549219.823        0.762        4.387      -19.397      -18.018
  769694.752       -1.581       -8.505        4.342        7.174
  910254.706        1.590      -10.744       14.292       14.938
  709474.771       -1.999      -11.919       11.359       45.051
  898684.710       -1.676      -11.711        9.286       19.501
  548874.823        0.429       -8.894        6.240      -12.614
  648844.791        0.852        4.529      -20.354      -23.684
  745154.760        0.754        5.120      -12.913       -1.392
  678014.781       -1.611      -10.583        1.977       -6.083
  702889.773       -1.221       -1.961        7.697        4.283
  800094.742       -1.111        0.661       -7.477      -20.461
  825534.734       -1.195       -0.728       -9.172      -19.856
  695359.776       -0.718        4.279       -9.447      -12.290
  872889.718        0.543       -0.808      -11.508       13.527
  702844.773       -1.245       -2.480       -3.557      -10.015
  730059.764       -1.106        0.210       -7.950      -11.897
  625194.798       -1.724      -10.678        8.702       17.993
  674249.782       -0.705        3.904       -0.786      -17.567
  869064.720        0.849        4.058      -13.605      -21.385
  805739.740        0.411       -9.390       -8.630        4.958
  920359.703       -0.886        3.699      -17.998      -20.994
  826959.733       -1.826      -12.647        6.858       22.561
  894454.711       -1.192       -1.569       -0.859      -22.365
  772884.751        0.030      -30.385       27.183       37.648
  628014.797       -0.944        3.424      -17.363      -11.250
  680519.780        0.618        2.084      -16.627      -22.191
  850014.726        0.204      -24.245       29.987       27.018
  846354.727       -0.554       -0.088      -14.520      -11.309
  535469.827        1.667       -8.824       12.746       11.029
  599404.807       -0.930        2.463      -13.323      -18.861
  883454.715        0.427       -8.012        2.583        6.460
  984724.682        0.520       -2.250       -8.977       -8.673
  709299.771       -1.848      -11.292       11.385       40.620
  882954.715        0.806        4.217      -20.846      -15.902
  514764.834       -1.003       -0.361       -5.066      -20.382
  829824.732        0.944        1.995       -4.520      -15.712
  789664.745       -0.816        4.591      -20.814      -27.777
  947819.694        0.238      -21.431       15.117        6.150
  667549.785        0.719        3.983      -10.845       10.032
  500044.839        1.049        2.349       -4.885      -21.564
  635229.795        1.311       -2.572       -5.865      -10.753
  889214.713        0.541       -0.655      -20.014       -6.492
  952684.693        0.826        5.154       -7.691      -22.932
  588249.810       -0.943        2.428      -14.004      -12.737
  924064.702        0.373      -11.987        0.014       14.599
  727014.765       -0.870        3.796      -13.342      -17.122
  820679.735        1.476       -8.486       19.910       22.669
  609764.803        1.986      -14.179        9.441       19.479
  976264.685        1.657      -12.055        5.558       11.824
  769514.752       -1.810      -11.512        9.133        4.138
  744844.760        0.708        4.657        0.597      -10.869
  792869.744        1.549       -9.921        7.307       -1.008
  680844.780        0.295      -18.062        6.598       11.141
  594999.808        0.898        4.328        2.570      -12.129
  999334.678       -1.834      -15.530       26.052       34.502
  968669.688       -1.143       -0.861       -3.645      -13.026
  687834.778        0.235      -21.654        9.384        4.960
  505054.837        1.957      -13.299       10.758       25.699
  939094.697       -0.087      -29.320       18.394       21.447
  998639.678       -0.665        3.187      -14.722      -20.984
  514984.834       -0.913        1.418      -17.789      -20.612
  524914.831       -0.048      -30.909       21.346       20.179
  796149.743       -0.589        1.069      -13.787      -13.360
  785944.746       -0.918        3.808      -14.102      -23.021
  841699.728        1.951      -16.089        4.606       20.348
  970004.687       -0.863        3.555      -15.498      -21.399
  574319.815        0.475       -5.131      -12.128       -9.426
  976494.685        1.547      -10.001        7.036       14.133
  567104.817        0.046      -30.013       12.148       11.037
  919444.703       -0.471       -5.540      -10.281      -11.094
  692894.776        1.386       -5.916       -4.510       -1.914
  903649.708       -1.851      -13.063        9.385        6.093
  905409.708       -1.102        0.980       -6.081      -13.362
  685374.779       -1.034        1.514      -11.915      -19.244
  586309.811        0.895        4.172       -8.339      -15.677
  943229.696        0.593        1.987      -18.296       -3.390
  678569.781       -0.131      -28.110       27.497       31.703
  628729.797       -0.215      -23.448       14.367        6.102
  542249.825       -0.535       -1.070       -6.646       -6.644
  583509.812       -1.437       -7.089        7.550        6.551
  716559.769        0.773        4.653       -2.542      -11.691
  643449.792        0.931        3.536      -10.464       -9.005
  721919.767        1.340       -4.181       -5.154      -10.438
  790959.745        0.437       -8.046       -9.989       -4.608
  995464.679        0.808        5.176      -11.780      -10.267
  711264.771       -0.408       -9.564        2.668        1.781
  773749.750        1.877      -14.894       18.992       39.085
  754909.756        0.670        4.141       -8.556       -0.723
  687939.778        0.120      -27.501       33.617       32.607
  967159.688        0.475       -4.357        0.143       -2.384
  747499.759       -1.063        0.600       -8.458      -15.925
  994784.679       -0.912        2.539      -13.897      -18.406
  543909.825       -0.249      -20.037       11.952       16.305
  702524.773       -1.457       -7.424        3.768        1.236
  574669.815        0.525       -1.937      -20.970      -18.691
  520479.832       -1.234       -3.995       -3.403      -15.046
  726239.766       -1.259       -2.847       -4.729      -12.430
  890024.713        0.580        1.267       -8.962      -15.111
  875699.718       -1.978      -15.589        5.468       36.951
  812414.738       -0.853        4.308       -3.273      -16.489
  920229.703       -0.588        1.055      -14.980       -5.683
  649499.790        0.277      -19.782        0.658        2.161
  844724.727        0.235      -22.749        5.227       11.322
  941214.696       -1.438       -6.787       18.782        7.553
  897499.710       -1.914      -14.750        7.307       19.069
  966879.688        1.156       -1.015       -3.136       -2.399
  843964.728       -0.042      -30.780       15.804       17.284
  667889.785        0.037      -30.733       19.642       18.600
  907854.707        0.456       -6.057       -7.861       -2.949
  933579.699       -1.697      -11.802        6.924        3.997
  826049.734       -1.450       -6.156        4.751       -4.672
  794419.744        0.713        4.461      -10.943      -10.943
