  866779.720        0.388      -11.327        0.478       -0.592
  732039.764       -1.154       -0.282       -7.304      -16.035
  732899.764        0.795        4.640      -11.592      -20.923
  789524.745       -0.882        4.169      -16.468      -21.137
  824389.734       -0.905        3.655      -14.917       -0.561
  665074.785        0.752        4.118       -4.817      -20.755
  524754.831        0.334      -15.587        4.872       20.212
  544419.824       -1.643      -14.283       15.861       11.126
  713984.770       -0.639        2.734      -15.870      -12.201
  624154.799       -1.667      -10.528        3.362       15.982
  630084.797        1.681      -10.358        7.982        1.397
  510199.835        1.951      -12.363        8.261       19.664
  765139.753        1.036        1.512      -16.919      -21.900
  802804.741        1.332       -6.310        4.548       -5.449
  775914.750        0.042      -30.126       16.621       28.530
  525084.831       -0.215      -24.261        8.696       13.703
  978049.684        1.249       -3.213        4.410        8.971
  551379.822       -0.782        4.774      -16.633      -25.060
  932664.699       -0.949        2.350      -15.428      -21.592
  668314.784        0.012      -30.712       20.513       40.257
  567264.817       -0.616        2.248       -5.421      -14.414
  660344.787       -1.044        2.365       -4.992      -17.171
  539944.826       -0.075      -29.728       13.332       22.101
  755834.756       -0.262      -20.005        6.918       24.664
  665429.785        1.373       -4.409       -7.242       -4.662
  565889.817        0.593        0.636        0.281        7.794
  857934.723        1.923      -14.442        5.799       28.915
  729429.765        0.095      -29.229       19.230       21.682
  716739.769        1.174       -1.606        5.042      -13.511
  800374.742       -0.850        4.352       -9.224      -18.208
  609744.803        1.975      -14.029       14.991       27.050
  589609.810       -0.984        1.987      -10.852      -21.884
  913859.705        0.926        2.932       -7.555      -12.980
  680159.781        0.777        4.692      -17.926      -19.340
  933689.699       -1.529       -8.705       -1.488       -6.242
  903679.708       -1.767      -12.091        8.126       18.392
  531869.828       -0.964        2.065       -9.663      -13.281
  722679.767        1.296       -3.025        2.683      -11.134
  825024.734       -1.059        1.421       -6.635      -13.318
  840464.729        1.552      -10.148       11.241       12.345
  828469.733       -0.673        4.040      -15.235      -22.974
  948159.694       -0.979        1.611      -15.415      -24.077
  623949.799       -1.355       -4.270       -1.812       -6.545
  613484.802        0.193      -24.850       16.857        7.355
  837699.730        1.012        1.135      -10.026      -15.890
  972234.686        1.505       -9.221       -1.436        3.072
  754474.757       -0.902        3.041       -6.471      -25.044
  531514.829       -1.060        0.232      -11.840      -26.449
  703134.773       -0.992        2.448      -14.421      -25.584
  650909.790       -1.832      -12.044        4.429       34.831
  986574.682       -0.588        0.961      -15.677       -8.631
  529679.829       -1.685      -14.397       11.384        0.286
  956974.691       -1.426       -6.993       -1.654       -5.366
  537469.827        1.786       -9.550       13.389       17.165
  688579.778        1.216       -3.308       -2.337      -13.611
  544309.824       -1.190       -3.217       -5.456       -8.745
  845104.727        0.501       -3.670      -15.286      -12.437
  847904.726       -1.832      -14.306       20.407       25.391
  864304.721       -1.525       -8.881        5.223       -4.796
  677129.782       -1.077        0.780       -3.629      -14.320
  619144.800       -1.613      -10.834        5.790        0.071
  587799.810        1.838      -12.652       11.199       28.454
  732304.764       -0.095      -29.100       26.752       11.257
  843064.728        1.629      -10.780       -0.434        6.506
  755424.756       -0.403      -10.140        4.207        2.597
  748819.758       -1.457       -7.114        0.376       -9.882
  837519.730        1.214       -3.232       -4.329       -1.373
  937819.697        0.747        5.213      -20.854      -26.409
  674004.783       -0.161      -26.862       12.840       28.050
  539679.826       -0.205      -24.305        9.202       12.958
  672299.783        1.987      -15.033        5.934       23.831
  609749.803        1.965      -13.892        4.396       31.669
  629224.797       -0.665        3.746      -17.347      -23.868
  648804.791        0.963        3.313      -13.098      -22.570
  521369.832        1.152        0.868        3.404      -12.185
  777539.749       -1.870      -12.337       16.221       18.868
  690504.777        1.378       -6.185       19.074       15.662
  712854.770        0.889        3.566      -14.237      -19.614
  760939.755        1.917      -14.954        5.534        6.478
  680249.781        0.507       -3.428      -14.526       -9.816
  739254.762       -0.794        4.412      -13.922      -20.323
  725649.766        0.747        4.751      -16.484      -19.363
  538094.826        0.513       -3.593      -16.288      -10.502
  871589.719        0.836        4.150      -21.295      -21.122
  663259.786        0.463       -6.972       -4.836      -13.167
  914689.705        1.149       -1.343       -5.256       -4.195
  825164.734       -0.923        3.548       -0.732      -13.679
  845624.727       -0.162      -26.364        8.202       13.861
  894514.711       -1.145       -0.664        4.349      -21.139
  876164.717       -0.564        0.495       -3.265        1.678
  913599.705        1.270       -4.178       -3.171       -9.190
  792509.744        0.504       -3.464      -13.841      -14.330
  507859.836       -0.643        1.520      -12.732        0.467
  830359.732        1.889      -16.072        7.635       25.437
  731899.764       -1.916      -12.496       10.406       12.177
  604264.805       -1.717      -12.544        5.072        8.110
  924854.702        1.756      -13.920        0.680        5.945
  822244.735       -0.254      -21.031        7.050        0.666
  840559.729        1.700      -12.699        3.542       17.629
  656739.788        0.058      -30.336       12.964       21.880
  743249.760       -1.602       -9.691       11.222       13.405
  769529.752       -1.822      -11.634        6.905        9.262
  681804.780       -0.782        4.597      -22.249      -26.913
  788614.746        0.281      -19.378       21.531       33.643
  940429.697       -0.287      -18.314        9.344       15.895
  765334.753        0.462       -5.942       -1.907      -12.353
  795169.743       -0.673        3.347      -10.654      -24.457
  543919.825       -0.249      -20.009        8.452       12.339
  623664.799       -1.875      -13.125        7.118       22.778
  811479.738       -1.845      -13.226       10.021       16.061
  532314.828        0.366      -13.339        3.486        5.238
  649979.790       -1.837      -12.807        7.263       16.091
  963924.689        1.659      -11.835        6.146       -1.800
  514059.834        0.496       -3.508      -12.106       -6.802
  730479.764       -0.789        4.555      -10.827       -4.414
  873949.718       -1.384       -5.970       -0.138      -12.036
  532074.828       -0.781        4.559      -12.885      -21.967
  914274.705        1.211       -2.780       -3.169      -16.745
  818924.736        0.795        4.814      -12.955      -11.086
  723744.767        1.771      -12.775       11.001       13.301
  532004.828       -0.924        2.879      -18.513      -10.411
  681499.780        0.357      -13.292       -8.339       -6.185
  935444.698        1.838      -14.678       11.820       24.888
  783389.747        1.913      -15.495       18.858       22.992
  748809.758       -1.384       -5.563       -2.050       -8.365
  627729.797        0.531       -2.183      -11.904      -19.087
  673319.783        0.897        3.926       -7.483      -22.209
  728489.765        0.300      -18.251       -2.592        0.136
  666554.785       -0.663        3.450       -6.961        0.741
  933849.699       -1.242       -2.393       -5.357       -6.312
  951419.693        1.474       -8.030        5.112      -11.271
  800644.742       -1.030        2.010        2.105       -7.118
  649934.790       -1.634      -10.534        4.592        7.051
  678559.781       -0.154      -27.073       21.830       25.786
  979224.684        1.073        0.759      -11.163      -22.425
  674919.782       -0.782        4.681       -3.007        0.224
  777694.749       -1.612       -8.715        8.445        2.673
  602449.806       -0.456       -6.647       -3.583       -9.583
  765044.753        1.004        2.135      -12.803      -22.136
  916374.704        0.084      -29.210       13.725        7.971
  615889.801       -1.596      -11.327        8.957        3.408
  870874.719       -0.018      -30.241       19.610       12.621
  743529.760       -1.290       -3.426       -2.938      -10.764
  905944.708       -1.002        2.578       -8.976      -22.338
  730529.764       -0.955        2.835       -4.819      -18.262
  718879.768        0.991        2.097      -11.353      -21.000
  534839.827        0.994        2.926       -1.659      -19.709
  960419.690       -0.523       -2.177      -10.309      -12.190
  821014.735        1.148       -2.081       -1.069       -7.296
  602164.806       -0.515       -3.067       -4.195       -1.831
  778064.749       -1.431       -5.026        3.547       -2.296
  815674.737        0.384      -11.345        1.051       -2.733
  502889.838        1.541       -7.062       12.064        7.445
  634694.795        1.117        0.333       -8.197      -24.519
  824724.734       -1.432       -6.168        4.852        1.068
  957599.691       -1.702      -12.343       12.457        8.467
  650184.790       -1.866      -12.879       15.415       18.751
  604629.805       -0.806        4.090       -3.484      -15.769
  701359.774       -1.974      -13.953        7.470       26.874
  795439.743       -0.721        4.168      -19.368      -20.947
  829634.732        0.853        3.648      -13.771      -19.918
  716584.769        0.829        4.438       -7.177       -6.377
  730929.764       -1.255       -2.448        5.866      -13.516
  974469.686       -0.585        0.919       -5.861       -9.401
  773289.751        1.800      -14.177        3.088       13.913
  933739.699       -1.427       -6.446        1.169       -5.579
  811724.738       -1.720      -11.376        7.567       19.380
  828139.733       -0.859        4.583      -11.715      -19.261
  708919.771       -1.959      -12.092       10.479       16.931
  932844.699       -1.533       -9.028        6.995        8.010
  648874.791        0.706        3.998      -18.799      -17.610
  733694.763       -0.013      -30.523       13.744       14.631
  666539.785       -0.609        1.762      -15.355      -10.850
  723799.767        1.901      -14.794        7.835       31.276
  634519.795        0.595        0.889      -17.961      -18.774
  778804.749       -1.626       -8.665       26.325       21.441
  553474.821       -1.553      -11.980        3.066        7.367
  976854.685        1.605      -10.973       16.559        4.729
  609649.803        1.797      -11.351        7.330       14.824
  813049.738        0.451       -6.574       -7.076       -7.406
  976074.685        1.685      -12.601        5.643        2.308
  502989.838        1.671       -9.663       19.153       18.597
  815394.737       -0.551       -0.678       -2.780      -11.263
  726814.766       -1.210       -1.541       -1.375      -12.999
  828229.733       -0.834        4.811      -10.969      -24.374
  824259.734       -1.395       -5.373        4.213       10.205
  804574.740        1.589      -11.101        8.390        6.194
  605499.805        1.169       -0.681       -1.402      -12.071
  762484.754       -0.956        2.302      -10.349      -23.003
  915519.705        1.130       -0.636       -5.137      -19.140
  676069.782        0.612        1.754      -12.027      -14.167
  684229.779        0.776        4.632      -15.868      -23.080
  563344.818        1.361       -3.395       -2.350       27.143
  758119.755       -0.693        3.585      -17.646      -15.815
  854259.724        1.139       -1.963       -7.513      -12.972
  731779.764       -1.813      -11.845        4.919       11.751
  549384.823       -0.002      -30.053       16.077       25.026
  816474.737        1.993      -17.458        7.638       24.419
  788239.746        0.595        0.897      -19.477      -20.405
  938089.697        0.480       -4.337       -9.352       -4.130
  715624.769        0.563       -0.224       -3.557       -6.778
  715954.769        1.255       -3.532       -4.446      -11.151
  534734.827        1.119        1.141        5.735      -11.728
  787624.746       -0.649        2.705      -12.663      -20.060
  850819.726       -0.615        2.422      -16.831      -12.744
  893974.712       -1.606      -11.021       -0.620        2.154
  974819.686       -0.688        3.959      -10.975      -19.037
  771909.751       -0.625        2.040      -20.513      -20.022
  821979.735       -0.807        4.398       -2.230       -5.380
  650904.790       -1.853      -12.186       20.242       31.560
  770819.751       -1.334       -3.182       14.901       -3.307
  678269.781       -1.248       -2.543      -11.837       -8.563
  648609.791        1.172        0.251       -5.366       -8.892
  976419.685        1.524       -9.538        8.098        7.271
  656834.788        0.712        4.128      -10.413       -9.370
  560149.819        1.466       -5.689       -3.862       -2.154
  985054.682        0.911        4.020      -14.526      -27.949
  618434.800       -0.046      -30.591       18.577       18.436
  678894.781       -0.270      -19.910        6.730       -2.235
  841299.729        1.729      -13.017        6.453        5.792
  758419.755       -0.563       -0.288      -19.186       -4.985
  873699.718       -0.850        4.308        0.308       -8.498
  836914.730        1.762      -13.437       15.080        4.438
  937764.697        0.577        1.054       -0.563       -8.410
  501109.838        1.905      -13.951        6.179       16.840
  839479.729       -1.013        2.014      -14.259      -13.739
  908859.707        1.938      -15.736        7.026       18.592
  890404.713       -0.440       -6.662       -7.187       -6.374
  802184.741        0.698        4.432       -9.291        0.099
  502689.838        1.688      -10.228       11.815       14.079
  615854.801       -1.415       -7.110        6.150       -7.073
  725209.766        1.587       -8.985        6.310       16.291
  752864.757        1.710      -12.627       18.837        9.963
  561459.819        0.308      -17.613        2.430       -2.625
  622014.799       -1.544       -9.073        6.499        1.372
  680944.780        0.377      -11.994       -0.736       -0.547
  677614.781       -1.655      -11.491        9.976        4.702
  602359.806       -0.646        2.600      -18.348      -12.982
  694869.776        1.039        1.283        0.527      -22.727
  567784.817       -0.925        2.692        1.373      -18.740
  807624.739        0.318      -16.164        1.512        1.326
  815404.737       -0.467       -5.565       -6.206        8.238
  840794.729        1.460       -8.278        0.153       -7.655
  651499.790       -0.966        2.711       -0.672       -8.572
  938324.697        0.614        2.698      -15.704      -24.289
  936289.698        1.898      -14.946        8.086        9.643
  502969.838        1.578       -7.775        9.315        0.384
  960059.690        0.000      -30.208       28.080       22.577
  578134.813       -1.460       -9.114        5.084       17.941
  544294.824       -1.122       -1.863       -4.477       -8.376
  683624.779       -0.640        3.050      -15.315       -6.650
  635379.795        1.522       -6.471        7.398        2.591
  976579.685        1.375       -6.271        1.016       -2.591
  904139.708       -2.000      -13.818        9.263       31.154
  774724.750        0.653        3.098       -3.216      -16.648
  866364.721       -1.057        1.304       -4.123      -18.808
  788899.746       -0.449       -7.208       -6.245       11.063
  577754.814       -0.005      -30.610        8.413       13.560
  944704.695        1.610      -10.872        9.637        6.039
  832794.731        1.904      -16.087       11.507       21.695
  674904.782       -0.800        4.666       -1.451        7.954
  971304.687       -0.173      -25.761       24.097       27.353
  900154.710       -1.716      -11.745        3.880        4.694
  655884.788        0.496       -4.321       -4.185       -4.323
  974994.685       -0.295      -18.165        6.904       13.419
  910779.706        1.125       -1.871      -10.224      -15.240
  612254.802        0.202      -24.507        9.809       24.558
  990054.681        1.770      -13.245        6.479        5.594
  655644.788       -0.199      -25.212        2.542        7.995
  683184.780       -0.566        0.129      -16.726      -10.639
  986539.682       -0.310      -17.167       -0.429       17.019
  599579.807       -1.494       -8.930       10.851       22.431
  775284.750        0.458       -6.576       -1.370       -3.132
  697624.775       -1.739      -13.374        3.908       16.155
  651854.790       -1.577       -8.970        9.098        9.352
  540584.826        0.828        4.538       -7.606      -11.456
  828134.733       -0.874        4.428      -17.238      -17.678
  994814.679       -0.770        4.165      -13.546      -16.313
  868459.720        1.552       -8.647       -3.238        7.830
  777394.749       -1.858      -12.344        9.185        9.203
  684524.779       -0.130      -27.229       15.232       23.595
  705649.772       -1.596       -9.515       10.179       -1.896
  991559.680        0.804        5.153      -15.984      -24.335
  531364.829       -1.490       -9.588        2.383       10.125
  773809.750        1.918      -15.284       13.826       22.213
  507279.836        0.547       -1.039      -17.293       -3.354
  779819.748       -1.112        1.461       -7.666      -13.374
  504029.837        1.390       -3.118        3.305       10.811
  595219.808        1.050        1.936       -7.916      -16.395
  855109.724        1.872      -14.836        2.911       13.881
  560659.819       -0.732        4.828      -11.831        6.142
  643619.792        1.059        1.681      -13.651      -19.228
  992084.680       -0.952        1.697      -15.893      -21.800
  561944.819        1.378       -3.998        3.381      -11.802
  921769.703        0.139      -27.260       25.113       19.949
  598874.807       -1.906      -14.999       14.353       16.689
  513164.834       -0.564       -1.200      -17.939      -19.928
  562204.819        1.380       -3.835       -5.338       -5.664
  929829.700        1.191       -1.945        2.991        6.804
  565039.818        1.682       -9.232       -0.296       18.074
  670894.784       -1.746      -12.067        4.730       14.228
  599684.807       -1.623      -11.546        5.662        6.869
  752589.757        1.836      -14.694        7.899       20.491
  674699.782       -0.892        3.832      -14.417      -20.805
  715969.769        1.193       -2.298       -9.276       -7.236
  591264.809        1.940      -13.723        4.138       23.470
  550809.822        0.898        3.819      -13.481      -19.889
  679464.781       -0.199      -24.184       13.804       16.236
  750249.758        0.850        4.821       -2.912       -1.128
  521684.832        0.773        5.070      -14.089      -13.379
  864424.721       -1.967      -15.209       15.973       32.507
  907879.707        0.547       -0.686      -10.224       -3.574
  787879.746        0.052      -30.299       10.943       16.022
  753084.757        1.700      -12.326       28.363       27.571
  540089.826       -0.172      -25.911       19.736        8.596
  586284.811        0.705        4.468      -16.327      -26.165
  601369.806       -1.199       -1.838       -9.670      -12.447
  591404.809        1.810      -12.144       14.113       12.969
  976494.685        1.547      -10.001        6.869       13.694
  990989.680        1.891      -14.298       10.705       24.653
  826009.734       -1.455       -6.279       -0.881       -3.171
  801589.741        0.802        4.602      -12.249      -20.859
  680719.780        0.362      -13.264        3.275        4.266
  778929.749       -1.756      -10.672        8.039        8.982
  923424.702       -0.331      -15.417        2.134       -2.240
  727714.765       -0.249      -21.493       17.596       34.075
  919304.703       -0.899        3.474      -14.655      -27.957
  757324.756       -0.489       -4.397       -5.971        9.203
  728804.765       -0.351      -13.866       -2.227        3.201
  609359.803        1.369       -3.277       -0.525       -0.157
  822779.735       -0.718        4.305      -21.637        5.686
  686989.778        0.292      -18.026        1.304       -2.965
  873784.718       -1.013        1.735      -14.816      -19.940
  725999.766       -0.720        3.860      -20.708      -20.604
  621909.799       -1.805      -12.956       13.443        9.363
  762344.754       -1.102       -0.222       -7.352       17.948
  835809.730        0.440       -7.878       -2.468       16.636
  567084.817        0.086      -29.276        8.618        9.014
  543669.825       -0.475       -4.067       -5.731       -7.118
  813334.738        0.058      -29.857       11.987        9.260
  998484.678       -0.191      -25.205        5.096       19.238
  785529.747        1.707      -12.027        7.332        5.995
  583659.812       -1.454       -7.430       -1.254        0.172
  680514.780        0.590        0.974      -19.759      -24.355
  823299.734       -0.613        2.118      -15.623      -12.873
  774824.750        0.188      -25.073       18.788       26.903
  998524.678       -0.511       -3.041       -6.130        5.885
  948739.694       -0.594        0.935      -11.051      -15.149
  731784.764       -1.840      -12.062       16.374       16.533
  571189.816       -1.380       -5.970        1.662       -1.932
  799759.742       -0.928        3.319      -15.815      -27.083
  953594.692       -1.810      -14.218        4.098       18.113
  853554.725        0.496       -3.921      -18.420        2.541
  850669.726        0.439       -7.673        1.635       -0.547
  529394.829       -1.624      -13.494        8.496       15.568
  727849.765       -0.448       -7.037       -0.164       -1.696
  812269.738       -1.474       -6.773        1.123       14.685
  944114.695        0.651        3.966      -14.931      -17.538
  994799.679       -0.837        3.659      -15.376       -1.881
  948464.694       -1.023        1.018      -11.680      -13.841
  789919.745        0.652        2.900      -16.224      -18.586
  686654.778       -0.033      -29.852       13.361       13.395
  884024.715        1.467       -8.643        9.050        5.057
  592249.809       -0.536       -1.993      -15.305        0.658
  945989.695        1.453       -7.630       15.143        5.256
  906149.708       -1.437       -5.545        7.008      -14.144
  974384.686       -0.353      -13.877       14.411        5.361
  985674.682       -0.492       -4.236       -3.893       -6.052
  775964.750       -0.162      -26.283       32.859       24.281
  876299.717       -0.469       -4.788       -8.856        0.674
  852624.725       -0.914        3.654       -5.589       -3.666
  762689.754       -1.364       -5.553       -5.160      -14.676
  971384.687       -0.721        4.055      -10.111      -13.899
  622739.799       -1.718      -11.885       17.911       16.156
  758809.755        0.871        4.545       -1.975        1.322
  939694.697       -0.337      -15.115        6.066       32.533
  890104.713        0.385      -10.764        1.016       -1.177
  643524.792        0.847        4.466      -11.008      -27.002
  685249.779       -0.879        4.164      -15.328      -19.014
  876224.717       -0.394      -10.055        1.102      -10.990
  510459.835        1.942      -12.000       16.325       12.179
  757969.755       -0.743        4.008      -18.946      -18.893
  673114.783        1.797      -12.128       16.385       20.593
  771179.751       -0.813        4.228      -18.309      -15.412
  943689.696        1.012        1.732      -13.434      -12.704
  579754.813       -1.511       -9.873       10.442       -5.084
  771994.751       -0.401      -10.540       -5.635       -1.036
  901434.709       -1.591       -9.343       11.449       -2.532
  637804.794       -1.372       -5.263       -6.400       -1.658
  886454.714       -0.648        3.569      -12.851      -21.809
  538764.826        0.018      -31.005       27.616        7.676
  602014.806       -0.039      -30.769       11.522       20.245
  757699.756       -0.880        3.266      -15.510      -18.480
  600004.806       -1.971      -15.079       32.048       28.198
  982259.683        1.198       -1.356       -3.380      -14.876
  702984.773       -1.248       -2.497       -3.107       -0.226
  963519.689        1.126       -0.490       -2.525      -18.907
  992489.680       -1.642      -12.969        0.058        6.457
  967364.688        0.062      -29.420       19.606       24.000
  789129.745       -0.578        0.152       -0.157        7.421
  837889.730        0.461       -6.540       -8.477       -4.660
  759164.755        1.413       -6.624        1.692       -1.412
  624604.799       -1.951      -13.331       10.785       14.228
  769314.752       -1.718      -10.613       17.890       18.867
  679369.781       -0.333      -15.130        8.507       10.616
  655189.789       -1.333       -3.771       -0.545       -4.472
  823369.734       -0.625        2.558      -13.983      -12.556
  776204.750       -0.864        4.026       -9.243      -22.640
  883704.715        0.897        2.999      -14.109      -13.188
  802704.741        1.495       -9.781        3.363       -7.511
  951804.693        0.963        2.921       -9.839       -7.318
  802624.741        1.399       -7.851        1.784        2.119
  813324.738        0.090      -29.062       16.601       18.430
  910304.706        1.545       -9.968        3.646       11.220
  633939.795        0.487       -4.937        3.673       -1.404
  988869.681        1.847      -14.348       12.365       15.477
  673819.783        0.772        4.853       -6.610      -18.628
  550329.822       -0.385      -10.160       -4.956       -1.371
  808389.739       -1.424       -6.199        0.450       -5.882
  696869.775       -1.795      -14.044       23.499        5.284
  798934.742        0.719        4.527       -9.937      -12.154
  595464.808        0.721        4.819      -20.682      -15.836
  985264.682        0.234      -22.762       14.362       -1.281
  519509.832       -1.939      -18.124       13.999       36.930
  840369.729        1.462       -8.503        2.080        2.874
  758069.755       -0.672        3.170      -16.052       -8.312
  648019.791        1.624       -7.443        5.933       18.097
  889649.713        0.239      -21.378       25.727       24.134
  511054.835       -0.113      -29.409       27.592       30.028
  871394.719        0.795        4.448      -20.216      -10.620
  685844.779       -0.278      -18.580        9.047       20.582
  714219.770        0.145      -27.109       14.249        9.554
  699324.774       -1.664      -12.190        3.752        0.361
  954649.692       -1.915      -15.036       11.479       20.053
  952749.693        0.897        4.221       -4.733       -9.756
  563234.818        1.040        1.992       -7.526      -18.383
  738619.762        0.523       -2.356      -16.011      -13.014
  890269.713        0.045      -29.531       23.131       23.030
  677354.781       -1.469       -8.328        1.193        7.114
  896499.711       -1.939      -15.305        9.156       19.539
  570419.816       -1.546      -10.832       -5.350        1.064
  981694.683        0.842        4.828      -11.664      -20.135
  795704.743       -0.255      -20.814        6.630        4.231
  767569.752       -1.768      -11.753        7.736       15.677
  997679.678       -1.569      -11.363       21.469       20.321
  985559.682       -0.290      -18.915       14.271       10.418
  545549.824       -1.648      -13.960       10.672       25.603
  921999.703        0.563        0.196      -15.369        3.317
  501179.838        1.969      -14.593       15.425       23.187
  561709.819        0.692        3.469      -22.484      -19.714
  553544.821       -1.582      -12.585       25.373       20.276
  710874.771       -1.726      -10.001       12.107       11.913
  935869.698        1.882      -14.994        5.598       18.219
  915449.705        1.107       -0.227       -0.778      -10.773
  795269.743       -0.548       -1.028       -0.428      -13.442
  559914.819        1.994      -13.236        4.249       21.898
  976909.685        1.751      -13.296       17.180       15.486
  546254.824       -0.777        4.609      -14.697      -22.993
  991489.680        0.866        4.669      -13.438      -24.513
  634534.795        0.601        1.133      -13.759      -12.830
  566284.817        0.897        4.170      -15.668      -25.594
  873519.718       -0.567        0.678      -14.070       -6.746
  971394.687       -0.736        4.157      -21.408      -20.849
  792724.744        0.921        3.154      -11.198      -17.613
  871984.719        0.436       -7.596        3.794       12.589
  940109.697       -0.211      -23.472        4.083        6.678
  783694.747        1.022        1.211       -4.923      -19.374
  613239.802        0.228      -22.826        6.758       21.785
  817839.736        1.688      -12.944        4.211       22.233
  695059.776        1.089        0.404        7.303       -5.053
  804789.740        1.320       -5.784       -5.856       -9.175
  555994.821       -1.709      -13.939        5.675       27.389
  698694.775       -1.572      -10.984        8.812       13.975
  627894.797       -0.723        4.466      -17.610      -19.753
  572184.815        0.654        2.676       -7.009      -15.764
  772989.751        0.811        4.625       -9.169       -7.811
  548049.823       -0.976        2.183       -6.207      -11.683
  506549.837       -0.432       -9.779       -9.511       -4.586
  666949.785        0.670        3.032        3.727      -17.641
  530014.829       -1.681      -13.958       -1.714        4.563
  699139.774       -1.136       -0.782       -4.791      -18.353
  973894.686       -0.890        3.304      -13.648      -25.725
  840689.729        1.746      -13.397        8.517        3.635
  894254.712       -1.610      -10.946       11.212        8.164
  855394.724        1.964      -15.930        8.556       25.422
  565379.818        1.796      -10.554       10.274       15.212
  893704.712       -1.629      -11.594        6.096       12.032
  652089.790       -1.884      -12.193       22.349       28.002
  743959.760        0.347      -13.823       12.745        9.941
  539334.826       -0.485       -4.319      -10.994       -7.421
  625489.798       -0.741        4.652      -13.583       -8.269
  874329.718       -1.436       -7.051       -2.084        3.716
  627419.798        0.275      -19.433       10.001       12.643
  999064.678       -1.927      -16.643        9.731       25.592
  924039.702        0.365      -12.651       -7.452       -1.365
  648289.791        1.541       -5.881        4.720       -4.363
  688744.778        1.316       -5.260       -4.193       -6.322
  626249.798        0.539       -2.187      -11.963       -6.969
  801314.741        0.595        1.378      -21.686      -12.202
  537984.826        0.868        4.456      -14.305      -21.789
