  660994.787        0.874        3.379       -4.506      -27.750
  744344.760        0.449       -6.578       -0.363        2.226
  982969.683       -0.846        3.573       -4.397       -6.670
  629189.797       -0.823        4.911      -20.156      -23.467
  910179.706        1.890      -14.916        5.594       22.071
  675084.782        0.248      -21.800        8.526       20.601
  998779.678       -0.995        0.915       -9.455      -18.945
  655219.789       -1.252       -1.974        5.491       -2.836
  529919.829       -1.640      -13.250        4.155        6.510
  989634.681        0.837        4.915      -12.508      -19.984
  879639.716       -0.470       -4.591       -0.938       -4.282
  907334.707        0.491       -3.963      -11.234       -9.067
  919394.703       -0.583        0.584       -9.931      -20.886
  936239.698        1.720      -12.582       18.061       25.392
  535924.827        1.565       -6.544       -0.687       11.435
  800859.742       -0.933        3.511      -11.359       -6.066
  923119.702        0.868        4.342      -17.339      -19.968
  516589.833       -1.340       -7.405       12.877        8.425
  685249.779       -0.879        4.164      -13.894      -17.575
  934444.699        0.358      -13.224        4.145        4.214
  513954.834        0.635        3.040      -11.536        7.606
  898389.710       -0.958        2.768      -11.794      -14.384
  880484.716        0.435       -7.401       -8.471       -5.376
  730604.764       -1.120        0.105       -2.202      -12.892
  940489.697       -0.564       -0.261       -9.390       -9.676
  919894.703       -0.490       -4.121      -13.701       -9.458
  948624.694       -0.378      -11.833       -8.529        2.675
  973414.686        0.019      -30.332       15.263       39.424
  923849.702        0.716        4.833      -18.786      -21.187
  723049.767        1.131        0.250       -3.213        4.521
  886979.714       -1.012        1.574      -17.136      -24.048
  822639.735       -0.425       -8.320       -6.715       -2.884
  575734.814        1.496       -6.437        9.787      -11.032
  673239.783        1.045        1.471       -3.390      -17.815
  687344.778        0.971        1.786      -12.636       -8.342
  898609.710       -1.441       -6.699        1.946       10.683
  762974.754       -1.502       -8.393        3.474       19.736
  671244.783       -0.858        4.396      -11.136       -7.254
  666659.785       -0.749        4.805       -6.196      -10.476
  739294.762       -0.697        3.888      -11.340      -12.517
  753809.757        1.408       -6.022       11.289       -1.966
  854524.724        1.660      -11.820        4.014        4.417
  880044.716        0.573        0.432       -8.328       -7.847
  776344.750       -1.114        0.539       -7.107      -18.653
  633074.796        1.490       -6.217       -1.282        6.238
  873754.718       -0.946        2.917      -10.132      -17.776
  997994.678       -0.052      -30.515       22.500       25.346
  932769.699       -1.402       -6.106       -5.117       -3.779
  997879.678       -0.847        3.510       -7.403      -17.805
  885329.714        1.531       -9.269        6.787        7.883
  959629.690       -0.171      -25.836       21.260       15.197
  651404.790       -1.239       -1.916        4.324       -4.658
  686689.778       -0.034      -29.835       28.466       28.840
  758089.755       -0.625        1.955      -11.868       -9.298
  870019.719       -0.831        4.613      -10.382      -15.719
  864184.721       -1.068        0.875       -8.270       -2.052
  773304.751        1.808      -14.216        2.716       19.420
  866939.720        1.332       -5.362       -2.301      -11.644
  500534.839        1.304       -2.235        6.341        0.473
  668579.784        0.233      -22.581        9.541        5.489
  767759.752       -1.448       -6.618       -1.967        0.683
  968834.687       -0.799        3.843      -14.036      -12.941
  595334.808        0.925        4.079      -10.566       -1.710
  986469.682       -0.222      -23.278        7.639        4.384
  853944.725        0.571        0.339       -6.644       -5.059
  847549.727       -1.150       -0.685        4.854      -12.574
  771759.751       -0.579        0.202      -12.156      -12.913
  838504.730       -0.875        4.135      -12.687      -15.695
  989709.681        0.774        5.170       -8.334       -7.768
  846279.727       -0.608        2.188      -14.292      -13.810
  890049.713        0.613        2.548      -14.116       -3.044
  686184.779       -0.811        4.970      -19.281      -16.822
  508454.836        0.777        5.372        8.347       -4.626
  657764.788       -1.118        0.688        1.710      -20.496
  922189.703        0.983        2.143       -5.249      -11.739
  914164.705        1.245       -3.514       -5.308       -5.560
  887049.714       -1.038        1.121       -9.882      -16.882
  711974.770       -1.491       -6.709        5.456       -0.158
  601214.806       -1.644      -11.520        9.388        8.692
  831964.732       -0.899        4.040       -4.187      -13.730
  912124.706        1.055        0.058      -12.617        0.064
  850594.726        0.831        4.264      -11.457      -18.524
  583694.812       -1.550       -9.803       12.203       26.218
  529329.829       -1.617      -13.323        1.176       10.217
  570824.816       -1.824      -15.671       10.337       10.881
  586364.811        0.904        4.038      -15.021      -24.704
  698969.775       -1.053        0.860       -8.019      -17.630
  530074.829       -1.818      -16.237       14.791       12.745
  910849.706        1.157       -2.493       -1.726       -8.828
  878469.717       -1.932      -14.987       11.179       25.210
  952934.693       -0.088      -29.036       19.559       27.808
  777114.749       -1.366       -3.867        8.010       -4.789
  882604.715       -0.021      -29.942       21.723       26.534
  850299.726        1.008        0.946       -1.809      -14.421
  772029.751       -0.349      -14.273       -2.994        7.883
  546889.824       -1.113       -1.097      -13.256      -11.016
  910119.706        1.865      -14.641       15.158       20.614
  500979.838        1.907      -14.172       10.740       11.364
  894409.711       -1.210       -1.911       -1.140      -10.844
  806429.740       -0.436       -8.033        0.282        2.905
  710909.771       -1.530       -7.500        8.439       -5.941
  816544.737        1.981      -17.269       14.724       14.862
  642414.793       -1.051        1.650        1.834       -4.671
  839369.729       -0.858        4.309       -3.699      -16.094
  520284.832       -1.735      -15.639       13.005       20.274
  842449.728        1.989      -16.114       15.219       10.370
  668959.784       -0.185      -25.421       20.725       41.739
  883999.715        1.468       -8.725        4.468       17.928
  593059.809        0.348      -13.983        2.071       16.373
  750209.758        0.943        3.350       -2.379      -18.301
  615239.802       -1.110       -0.341      -10.353      -20.850
  539649.826       -0.091      -29.470       16.528       17.142
  715449.769        0.156      -26.636       22.807       26.925
  510969.835        0.524       -2.247      -12.588      -16.283
  866454.720       -0.849        4.508       -8.644       -8.239
  540609.826        0.725        4.158       -5.688       -7.277
  818049.736        1.746      -13.734       26.674       21.399
  817594.736        1.956      -16.681       11.003       22.965
  507324.836        0.645        3.086      -10.152      -20.491
  723004.767        1.107        0.682       -9.761      -21.218
  658439.788       -0.466       -6.220       -2.793        3.925
  741579.761       -1.757      -11.883       14.298       20.222
  933714.699       -1.397       -5.750        6.748        1.781
  938969.697       -0.417       -9.355       -7.449       14.325
  929714.700        1.510       -9.085        9.189        5.051
  510329.835        1.826      -10.899       13.530       23.013
  951294.693        1.553       -9.702        2.933        1.593
  588299.810       -0.773        3.964      -15.930       -6.680
  693414.776        1.472       -7.349       -1.525       -3.376
  675259.782        0.278      -19.611        9.527       19.816
  630554.797        1.968      -14.151       15.681       37.305
  870789.719       -0.184      -24.936        6.955       14.673
  762499.754       -1.040        0.882       -0.080      -13.738
  820629.735        1.537       -9.563        8.015        2.832
  960594.690        0.210      -23.400        9.581        8.472
  510344.835        1.775      -10.241        9.791       16.976
  791074.745        0.803        4.525      -18.176      -26.661
  719014.768        0.940        3.108       -5.571      -12.811
  916284.704       -0.179      -25.636        9.215       16.824
  693134.776        1.645      -11.051        3.275       14.118
  957374.691       -1.759      -13.281       11.582       14.342
  982174.683        1.013        2.296      -17.337      -25.099
  596099.808       -1.691      -13.428        9.103       31.795
  916589.704        0.766        4.829       -7.045       -4.482
  500494.839        1.468       -6.138        2.019       -2.542
  537959.826        1.044        2.577      -14.537      -18.313
  918354.704        1.570       -9.994        4.660       10.678
  882744.715        0.492       -3.769      -11.795       -0.798
  573684.815        0.284      -18.960       14.191        4.999
  570914.816       -1.818      -15.500        5.863       22.405
  836794.730        1.292       -5.144        7.564        1.254
  782824.747        1.072        0.117       -9.700      -20.694
  935589.698        1.816      -14.328       16.352       32.021
  516549.833       -1.285       -5.995       -3.478        1.753
  851769.725       -1.856      -14.223       13.438       24.603
  881489.716       -0.641        3.438       -9.645       -7.832
  846209.727       -0.668        3.925      -16.044      -21.023
  540614.826        0.726        4.164      -10.531       -7.639
  607314.804        1.676       -9.692       12.473       19.897
  659484.787       -0.685        3.890       -5.420        4.126
  828254.733       -0.819        4.913      -10.783       -9.974
  595709.808       -0.902        2.669      -13.488       -9.063
  771784.751       -0.674        3.316      -15.540      -10.241
  500869.838        1.837      -13.356       24.148       14.375
  974174.686       -1.015        1.333       -2.659        2.135
  839004.729        0.781        4.632      -17.410      -19.399
  939654.697       -0.009      -30.169       28.877       20.798
  844299.728       -0.477       -4.777       -5.397       -8.661
  889209.713        0.554       -0.005      -11.588      -14.055
  605994.805        1.561       -8.467       13.982        6.556
  906639.708       -0.739        4.941      -18.968      -15.874
  907159.707        1.002        0.531      -10.881      -12.166
  825369.734       -1.599       -9.515       10.471       22.459
  667844.785        0.202      -24.684       12.903        3.182
  992274.680       -1.414       -8.101        3.828        2.153
  693484.776        1.556       -9.088        6.590       12.258
  663409.786        0.604        0.803      -14.171      -19.691
  938109.697        0.410       -9.317       -4.220       -0.988
  822369.735       -0.697        3.971      -15.991      -15.003
  843639.728        1.062        0.129       -8.026       12.682
  791554.745        0.613        1.810      -12.572       -8.475
  887759.714        1.526       -9.266       22.044       11.433
  665114.785        0.893        3.425       -6.801      -18.546
  932809.699       -1.450       -7.176        2.891       -2.612
  731589.764       -1.737      -11.232       14.228       23.826
  738584.762        0.593        1.072      -16.308       -7.958
  907554.707        0.290      -18.221        6.104        9.681
  721109.767        1.602       -9.917        3.302        9.481
  693779.776        1.739      -12.417       16.188       15.509
  854914.724        1.839      -14.465        4.655       19.852
  806709.740       -0.476       -5.144       -5.135       -2.068
  518789.833       -0.913        1.974      -10.148      -24.810
  836159.730        0.957        1.920      -12.699      -11.351
  554724.821       -1.286       -3.828       -6.465       -9.223
  663974.786       -0.097      -29.842       14.424       32.485
  601129.806       -1.977      -14.696       10.098       16.497
  601469.806       -0.828        3.769       -9.712        1.676
  558484.820        1.417       -5.048       -3.688       -3.599
  920489.703       -0.563       -0.019      -10.726       -4.925
  959549.690       -0.340      -14.818       17.700       26.302
  963329.689        1.103       -0.073       16.174       -3.477
  684144.779        0.771        4.609       -2.784      -18.908
  776294.750       -1.006        2.135       -8.534      -19.915
  943104.696       -0.195      -24.226        9.463       16.922
  933459.699       -1.688      -11.712        6.248       15.790
  541279.825        0.412       -9.816        2.332        7.377
  719354.768        1.708      -12.477        9.981       12.788
  545444.824       -1.783      -16.237       10.960       29.773
  541964.825       -0.377      -11.669       -9.571       -1.594
  796534.743       -0.871        4.188      -18.849      -24.132
  582479.812       -1.877      -15.771       18.683       34.300
  602189.806       -0.379      -12.374       -4.446       -1.515
  775014.750       -0.500       -3.573      -13.583       -0.940
  759234.755        1.542       -9.506        0.216       -3.084
  577129.814        0.468       -5.414       -8.061       -9.009
  572634.815        0.692        3.733      -18.748      -15.213
  978924.684        1.485       -8.258       -0.013       -7.130
  762334.754       -1.111       -0.395        3.924        0.028
  815629.737        0.468       -5.352      -11.153       -7.510
  668449.784       -0.431       -8.340      -11.916        2.887
  792844.744        1.503       -9.014        2.897        2.035
  952114.693        0.697        4.855      -14.743       -6.924
  866624.720       -0.516       -2.073       -2.395       21.630
  757994.755       -0.697        3.567      -21.182      -15.992
  616329.801       -1.992      -15.344        8.905       27.316
  598614.807       -1.886      -15.037        6.361       24.704
  527774.830       -1.465      -10.042        7.913       -4.983
  996124.679       -1.608      -12.250        5.389       11.261
  753329.757        1.380       -5.673       -4.339        3.947
  772134.751       -0.682        3.601       -0.483        0.237
  982544.683        0.747        5.129      -18.816      -12.176
  712324.770       -1.248       -1.558        2.888       -0.408
  955604.692        0.373      -11.838       -6.574       14.546
  575724.814        1.390       -4.222       -3.728       -4.156
  940064.697       -0.199      -24.225       18.736       23.344
  537429.827        1.820       -9.919        8.049       29.124
  940169.697       -0.331      -15.335        4.940       19.049
  678409.781       -0.801        4.679      -10.494      -14.716
  815119.737       -1.923      -13.381       14.232       14.185
  516059.834       -0.590        0.404      -10.850       -2.766
  648824.791        0.965        3.288      -10.180      -15.901
  800759.742       -0.921        3.645      -11.310      -11.427
  850284.726        0.991        1.313      -15.607      -21.108
  967024.688        0.700        4.924      -14.326      -10.206
  558524.820        1.417       -4.967        4.848        1.685
  678814.781       -0.067      -29.820       12.511       17.501
  923494.702       -0.179      -25.530       16.420        5.637
  786019.746       -1.362       -2.869       -0.986      -13.844
  921649.703       -0.143      -27.163       12.338       19.695
  644359.792        1.810      -11.013        7.699       19.776
  799684.742       -0.559       -0.264      -12.690       -4.201
  773279.751        1.827      -14.548        6.625       19.501
  566839.817       -0.121      -28.141       16.683       11.444
  769904.752       -1.251       -1.970       -1.328       -3.339
  808539.739       -1.347       -4.265        3.137        0.321
  730229.764       -1.283       -3.191       -0.442       -4.945
  883134.715        0.963        1.497      -13.004      -12.623
  716309.769        1.184       -1.920       -5.680      -15.589
  783294.747        1.776      -13.713       22.853       40.106
  967869.688       -1.038        0.576       -4.049      -13.816
  541759.825        0.593        0.867       -4.318       -7.761
  997889.678       -0.828        3.734      -17.271      -12.094
  854319.724        1.249       -4.193        0.398      -10.605
  953364.692       -0.853        3.210      -18.594       -3.530
  527379.830       -1.425       -9.254        5.489       -7.417
  541004.825        0.647        2.624       -6.998      -19.198
  504354.837        1.281       -0.677        3.135       -6.328
  976224.685        1.652      -11.967       19.171       10.265
  844799.727       -0.092      -29.570       19.906       36.254
  975419.685        0.965        2.505      -15.456      -12.139
  728699.765       -0.280      -19.287       -0.901        3.776
  667019.785        0.920        3.212      -11.754      -13.047
  905339.708       -1.204       -0.692       -7.518        1.579
  870944.719        0.332      -15.420       -4.436       15.663
  511204.835       -1.079       -1.989       -8.030      -12.692
  525174.831       -0.453       -6.997       -1.134        1.607
  630789.797        1.690      -10.006        1.877       14.278
  979349.684        1.271       -3.329        2.922       -7.381
  559934.819        1.871      -12.209       11.585       16.194
  719174.768        1.230       -2.549       -0.723       -6.379
  789459.745       -0.649        2.824       -4.139      -17.624
  779884.748       -1.208        0.019       -6.605       -8.076
  801879.741        0.465       -5.805      -12.544       -9.463
  839339.729       -0.696        4.285       -5.832       -9.464
  718964.768        0.979        2.350      -13.988      -20.869
  921514.703       -0.012      -30.415       17.175       14.161
  999924.677       -1.424       -7.879        5.005       -2.119
  809699.739       -1.240       -1.778        5.428       -6.518
  609514.803        1.694       -9.569       19.016       15.465
  722094.767        1.763      -12.656       15.479       12.455
  555284.821       -1.817      -16.380        7.722       23.009
  986699.682       -0.329      -15.700       13.929       10.234
  622019.799       -1.539       -8.982       12.858        7.192
  835884.730        0.761        4.386      -11.871      -24.842
  897839.710       -1.004        1.914      -10.319      -12.706
  504009.837        1.418       -3.748        7.723       -6.617
  665989.785        0.940        2.944       -4.814       -9.266
  706669.772       -1.961      -12.831        6.930       11.138
  521779.832        0.956        3.768      -10.108      -13.148
  889419.713       -0.172      -25.301       13.550       20.379
  684139.779        0.738        4.522      -13.189      -17.530
  709329.771       -1.854      -11.258        9.477       13.629
  759899.755        1.960      -16.056       25.493       30.240
  826204.733       -1.581       -8.920        3.829       -0.164
  881719.716       -0.677        4.314      -19.685       -7.885
  808509.739       -1.396       -5.431        7.660        0.751
  810254.739       -1.892      -14.037       16.702       37.173
  695219.776        0.620        2.353       -4.099       -6.903
  754369.757       -0.879        3.293      -17.716      -18.042
  961244.690        0.643        3.731      -15.298       -9.570
  812989.738        0.478       -4.759      -12.983       -3.673
  756719.756        1.163       -1.079       -4.462      -10.352
  690494.777        1.350       -5.670       26.574        7.547
  772724.751        0.058      -30.067       27.754       40.730
  675184.782        0.434       -8.387       -2.018       -1.816
  797264.743        0.536       -1.712        0.863       11.591
  924719.702        1.189       -2.101       -8.809      -14.781
  843314.728        1.415       -6.894        3.798        6.405
  844739.727        0.223      -23.512       14.365       20.280
  630374.797        1.824      -12.342       18.938       19.113
  582959.812       -1.096       -0.177       -9.674       -7.362
  644434.792        1.826      -11.182       13.116       13.921
  531439.829       -1.288       -4.400       -6.874      -15.826
  550269.822       -0.580        1.663      -13.380      -21.638
  842794.728        1.857      -14.359       13.256       29.836
  812179.738       -1.821      -12.629        7.589       18.684
  696764.775       -1.911      -14.869       12.745       14.353
  609824.803        1.906      -12.943        9.354       21.122
  840274.729        1.216       -3.522       -6.857      -17.922
  702479.773       -1.446       -7.267       -1.332        2.358
  835429.730       -0.587        1.254      -17.488      -21.275
  921114.703        0.482       -4.485      -11.280       -8.390
  613504.802        0.027      -30.641       11.514       11.721
  693799.776        1.817      -13.742       16.014       20.136
  716519.769        0.950        2.755       -5.500      -10.304
  991214.680        1.792      -13.044       13.597       16.647
  951094.693        1.946      -15.546       20.099       21.015
  871664.719        0.690        4.009       -5.378      -17.306
  562614.819        0.862        4.144       -2.012        1.707
  789549.745       -1.017        2.679      -12.980      -16.741
  884614.715        1.007        0.735       -5.196      -10.573
  607364.804        1.656       -9.345       18.686        1.482
  718629.768        1.733      -12.979       15.693       17.484
  643719.792        1.383       -3.633       -1.080      -10.855
  662874.786       -0.309      -18.027        5.163       11.682
  579439.813       -1.911      -17.281       12.740       19.471
  906284.708       -1.178       -0.092       -3.429      -10.163
  789464.745       -0.689        3.713      -12.833       -3.613
  649854.790       -1.676      -11.201        9.292       13.645
  616704.801       -1.516       -9.083        4.649       12.356
  664354.786       -0.840        4.883       -5.469      -10.272
  516709.833       -1.670      -15.237       15.949       12.894
  546929.824       -1.179       -2.467       -3.389       -5.354
  891494.712       -1.347       -5.439        2.225       -3.935
  967994.688       -1.084       -0.129       -9.284       -7.541
  630799.797        1.768      -11.199       14.800       20.128
  684709.779       -0.742        4.739      -15.607      -18.066
  500769.838        1.720      -11.545        7.374       12.291
  753089.757        1.720      -12.657       18.724       39.123
  608374.804        1.725      -10.171        8.535       13.153
  723719.767        1.755      -12.501        7.539        6.334
  910914.706        1.262       -4.576        1.254       -6.076
  812174.738       -1.819      -12.596        9.323       21.881
  649634.790       -0.884        3.672       -5.650      -14.816
  879889.716        0.423       -8.518       -7.935        1.671
  606179.804        1.472       -6.484        2.689       -0.864
  500114.839        1.175        0.152       -4.086      -11.126
  818069.736        1.790      -14.394       13.733       21.894
  655349.789       -0.950        3.101      -14.042      -24.286
  563469.818        1.593       -8.225        3.851        8.515
  891144.713       -1.284       -4.046       -3.855      -13.325
  846334.727       -0.589        1.494        0.128      -17.955
  671684.783        0.984        2.391       -3.753       -5.435
  897729.710       -1.364       -5.020        9.639       -9.102
  511919.835       -1.709      -16.249       13.650       12.718
  890814.713       -0.828        4.403      -15.254      -26.952
  922679.702        0.861        4.320      -12.992      -21.807
  697474.775       -1.445       -8.637       12.063        5.231
  870084.719       -0.904        3.705      -11.787      -17.990
  873134.718        0.302      -16.992        0.223       10.823
  634044.795        0.545       -1.598        2.276        2.626
  571814.816       -0.077      -29.612       12.478       13.323
  802684.741        1.485       -9.635        5.183       -7.116
  630024.797        1.481       -6.704        7.550      -10.310
  878519.717       -1.869      -14.394        6.364       18.915
  547134.823       -1.320       -5.766       -2.175       -5.962
  756209.756        0.629        3.027      -14.122      -16.399
  980854.684        1.413       -6.327       -1.318       -5.278
  900954.709       -1.284       -2.664       12.254       -8.190
  714194.770        0.064      -29.907       16.188       11.404
  560749.819       -1.003        1.948      -11.779      -23.653
  817604.736        1.969      -16.735        6.783       29.150
  966829.688        1.380       -5.968        5.840       -4.067
  991819.680        0.567        0.187      -13.897       -9.204
  870969.719        0.491       -4.185       -8.635       -4.809
  726549.766       -1.240       -2.293       -4.327      -14.653
  512519.835       -1.969      -18.694        8.863       23.693
  822104.735       -0.562       -0.309       -7.380      -14.333
  979299.684        1.227       -2.410        0.478      -15.652
  822089.735       -0.594        1.048        0.997      -10.738
  535314.827        1.294       -1.342        4.140       -9.533
  818859.736        0.782        4.864      -15.626      -17.383
  847304.727        0.017      -30.483       38.564       25.323
  522219.832        1.569       -7.167        0.059       15.116
  936974.698        1.377       -5.953        4.271        5.128
  721854.767        1.249       -2.396       -0.848        5.800
  899014.710       -1.807      -13.557       10.775       22.115
  531339.829       -1.700      -14.139        4.066       11.823
  554199.821       -1.433       -8.226       -0.286        8.534
  844984.727        0.164      -26.664       18.768       18.613
  794744.744        0.621        2.364      -17.361      -20.216
  511289.835       -1.342       -7.745        4.505       -5.666
  864054.721       -0.325      -15.443        7.456       19.290
  886784.714       -0.683        4.343      -20.678      -20.156
  514389.834       -0.811        2.545      -12.527      -18.996
  608359.804        1.744      -10.497        9.537        8.413
  555714.821       -1.847      -16.301        9.094       19.348
  643039.793        0.834        4.407      -19.720      -20.610
  629014.797       -0.653        3.440       -7.535       -9.701
  813054.738        0.454       -6.384       -3.686       -8.805
  802214.741        0.767        4.908      -14.713      -23.901
  587959.810        1.034        2.023      -11.576       -3.173
  696659.775       -1.910      -14.940        8.673       24.820
  560299.819        1.154        0.002       -8.926      -11.436
  507294.836        0.719        4.776       -3.536      -14.963
  764754.753       -0.635        2.315       -2.555       -8.280
  696719.775       -1.938      -14.976       12.162       15.481
  650489.790       -1.928      -13.006        5.613       24.791
  591874.809        0.696        4.361      -14.656      -20.887
  635019.795        1.485       -5.870        2.094       -6.286
  585379.811       -1.414       -6.215        4.550       -8.026
  817934.736        1.698      -13.045        1.379        2.065
  885754.714        0.907        3.068       -7.169      -11.984
  518204.833       -1.271       -5.321       -0.925      -12.433
  703504.773       -1.684      -11.012        8.119        1.282
  791819.745       -0.664        3.233      -11.800      -14.450
  545539.824       -1.724      -15.271       20.501       21.363
  760024.755        1.737      -12.983        3.038       12.276
  870984.719        0.485       -4.514       -6.562       -6.558
  998094.678        0.611        2.129       -7.406      -16.129
  985114.682        0.886        4.387      -11.337      -14.748
  690514.777        1.393       -6.493       20.812        0.163
  906439.708       -1.156        0.338       -2.631      -19.103
  710984.771       -1.335       -3.724        0.709       -8.585
  971424.687       -0.729        4.145      -14.115      -15.569
  535709.827        1.839      -10.899        6.405       14.857
  755294.756       -0.567       -0.325      -11.612      -13.989
  718909.768        1.060        0.782       -9.172      -15.879
  770819.751       -1.334       -3.182       16.335       -1.867
  706664.772       -1.924      -12.629        3.710       10.899
  883629.715        0.634        2.947       -4.754       -4.385
  548409.823        1.258       -1.389       -3.483        6.987
  733869.763       -0.797        4.454      -19.938      -10.803
  594554.808        1.851      -12.653       11.760       27.279
  680239.781        0.495       -4.133      -12.659        4.630
  575524.814        0.940        3.670      -10.092      -24.472
  627394.798        0.303      -17.549       -0.260       23.885
  907404.707        0.361      -13.038       -6.748       -3.376
  714064.770       -0.244      -21.490       25.368       12.328
  773414.750        1.975      -16.071       13.594       30.653
  747419.759       -0.979        2.001      -12.285      -21.530
  550249.822       -0.669        4.269      -15.330      -15.167
  680719.780        0.362      -13.264        4.709        5.705
  571179.816       -1.521       -9.659        0.016        3.195
  633464.796        1.174       -0.579       -4.419       -9.886
  770629.751       -1.439       -5.490        4.677        5.945
  836944.730        1.577      -10.424        7.573       12.454
  574139.815        0.817        4.901       -1.697      -15.388
  851564.725       -0.681        4.253      -21.882      -20.455
  847554.727       -1.170       -1.061       -0.698       -5.667
  837104.730        1.271       -4.550       -7.870      -12.474
  854414.724        1.363       -6.411        2.178       -1.204
  649544.790       -0.400      -11.094        0.723        6.080
  976504.685        1.453       -8.016        1.808        7.540
  886734.714       -0.468       -4.754       -3.495        0.533
  592384.809       -0.430       -8.638       -3.092      -10.620
  561509.819        0.293      -18.583        7.360        4.183
  594499.808        1.849      -12.725        5.691       29.889
  952129.693        0.672        4.410        2.013      -14.748
  637744.794       -1.048        1.376       -1.212      -22.709
  887004.714       -1.130       -0.590       -3.473      -11.879
  582679.812       -1.763      -14.156        6.077        4.304
  625569.798       -0.695        4.135      -16.854      -22.485
  741414.761       -1.399       -6.194        7.522       -1.138
  980449.684        1.202       -1.769       -7.715      -14.205
  778699.749       -1.484       -6.004        7.460       -9.794
  787569.746       -0.828        4.499      -14.256      -14.491
  557929.820       -0.881        3.964      -14.715      -16.892
  748789.758       -1.394       -5.853        6.659        0.456
  910474.706        1.450       -8.303        2.037       -5.511
  783884.747        1.190       -2.147        3.690      -17.763
  933794.699       -1.366       -5.042       -5.825      -14.907
  758054.755       -0.700        3.637      -13.190      -19.093
  538004.826        0.794        4.690      -10.575      -24.118
  978509.684        1.267       -3.511       -2.304        4.091
  746969.759        1.055        1.029       -8.500      -17.169
  841244.729        1.643      -11.512        4.938        5.983
  616479.801       -1.823      -14.075       10.417       18.309
  894609.711       -1.150       -0.725        0.274       -9.253
  663659.786        0.329      -16.436        4.844       21.253
