  841649.728        1.965      -16.245       10.444       17.880
  964059.689        1.776      -13.627       19.420       18.731
  574819.815        1.286       -2.528       -2.575      -13.109
  841319.729        1.746      -13.230        7.049        7.270
  511659.835       -1.880      -18.790       20.462       20.859
  985434.682       -0.245      -22.108       16.966        6.876
  850624.726        0.744        4.623      -15.122      -19.447
  856019.724        1.419       -7.157        0.229       -1.173
  897494.710       -1.969      -15.063       10.405       26.871
  920054.703       -0.213      -23.604       18.784        9.723
  900904.709       -1.417       -5.703        2.211       -3.572
  746974.759        1.020        1.768      -13.592      -18.605
  906834.707        0.655        3.157      -21.337       -8.386
  792054.744       -0.076      -29.708        8.646       19.513
  688729.778        1.381       -6.598        4.545       -2.524
  876134.717       -0.607        2.263       -1.914      -12.504
  510549.835        1.877      -11.294       19.699       43.173
  843149.728        1.689      -11.653       11.551       21.661
  609054.804        1.172        0.048        0.973       -8.787
  932489.699       -0.990        1.645        6.177      -10.271
  578289.813       -1.689      -14.453       17.567       18.051
  553939.821       -1.584      -12.341        1.725        5.979
  659699.787       -1.075        1.685      -13.726      -20.878
  514939.834       -0.931        1.109       -6.788      -14.665
  637769.794       -1.141       -0.297       -3.354      -19.988
  542829.825        0.127      -27.592       11.528       14.109
  594039.808        1.372       -4.434        4.817        9.215
  526069.830       -1.010        0.585       -4.129      -12.700
  560909.819       -0.526       -1.076      -14.322       -8.190
  807229.740       -0.009      -30.611       18.432       18.687
  548544.823        1.395       -3.863        1.951      -11.641
  882449.715       -0.676        4.443      -18.483       -2.544
  660159.787       -1.521       -7.955        4.801       10.516
  546219.824       -0.874        3.399       -9.691      -24.516
  775389.750        0.908        3.612       -2.605       -0.278
  808699.739       -1.501       -7.813       -2.011        0.652
  757994.755       -0.697        3.567      -21.063      -15.352
  934939.698        1.486       -8.698       -0.915        1.236
  771394.751       -0.742        4.146      -17.053      -15.205
  900649.709       -0.958        2.913        4.287        2.454
  607709.804        1.129        0.453        4.333        0.201
  973514.686       -0.661        3.236      -15.935        0.423
  634039.795        0.556       -1.020       -2.189        2.074
  586769.811        1.115        0.492       -3.822      -16.979
  872094.719       -0.043      -29.780       18.664       19.901
  798734.742        0.608        1.860      -18.808      -17.968
  836664.730        1.082       -0.728        3.218       -8.240
  832139.732       -0.862        4.530      -13.271      -20.313
  649834.790       -1.430       -6.665        7.574        3.521
  559924.819        1.935      -12.775        5.724       21.231
  629479.797        0.269      -19.965       13.247        5.520
  745504.760        0.877        4.392      -12.059      -18.190
  517069.833       -1.851      -17.619       21.588       19.705
  677874.781       -1.673      -11.586        4.782        5.870
  573119.815        0.727        4.415      -10.736      -13.961
  579664.813       -1.410       -7.344       -0.349       -9.414
  936089.698        1.915      -15.234       18.206       26.202
  922004.703        0.563        0.237       -2.805       -9.543
  656254.788       -0.812        4.412      -19.655      -17.662
  771089.751       -1.293       -2.264       -2.612       -6.657
  539344.826       -0.395      -10.734       -8.880       -3.795
  678769.781       -0.067      -29.918       27.405       45.069
  734394.763        0.878        4.127      -16.241      -20.861
  871554.719        0.841        4.092      -19.452      -25.676
  609204.803        1.143        0.627       -5.371        9.506
  848364.726       -1.562       -9.638        0.989        4.612
  915694.705        0.842        4.437      -11.079       -5.391
  832714.731        1.850      -15.286       13.351       13.925
  915259.705        1.152       -1.165        9.844        9.694
  880664.716        0.614        2.221       -9.641      -19.272
  605989.805        1.573       -8.713        6.695        4.408
  933609.699       -1.584       -9.787       19.700        7.045
  671679.783        0.997        2.164       -4.084      -10.659
  592984.809       -0.012      -30.805       23.793       18.795
  577699.814        0.360      -12.812       11.269       12.510
  988999.681        1.475       -8.005        4.750       16.236
  553814.821       -1.402       -7.571       -3.197      -16.404
  974834.686       -0.691        4.007       -9.015      -19.681
  547459.823       -1.216       -2.984        5.768       -4.776
  952569.693        0.794        5.364       -7.404      -16.454
  828959.733        0.637        2.432      -11.438      -17.847
  617104.801       -1.735      -12.555       11.930        4.394
  898504.710       -1.077        0.849       -3.650       -5.281
  772294.751       -0.766        4.506      -22.272      -24.221
  744304.760        0.746        4.921      -14.540       -9.964
  803109.741        1.773      -14.508        4.152       17.429
  666304.785       -0.559       -0.569      -13.959      -14.339
  972009.686        0.696        4.617      -18.935      -22.953
  522114.832        1.424       -4.035        7.934        5.080
  815294.737       -1.027        2.005       -4.813       -7.545
  949599.694        0.877        4.275       -8.286      -17.255
  542124.825       -0.440       -6.975      -11.170      -10.882
  885874.714        0.802        4.583       -2.365      -16.316
  898849.710       -1.466       -7.192        4.451      -10.320
  532529.828        1.443       -4.770        2.388        0.064
  599574.807       -1.480       -8.595       17.127       16.034
  845119.727        0.519       -2.594       -6.440      -13.804
  546654.824       -0.978        1.570       -3.871      -16.669
  500089.839        1.084        1.726       -9.286       -6.095
  507844.836       -0.652        1.757      -19.826      -15.261
  677999.781       -1.525       -9.149        7.883        8.488
  981499.683        1.125        0.091        0.770       -6.387
  531824.828       -0.865        3.711       -9.842      -18.105
  944044.695        0.692        4.800      -18.938      -22.707
  811594.738       -1.531       -8.136        4.865        5.221
  773899.750        1.930      -15.409       17.725       33.253
  561789.819        1.038        1.642      -13.935      -13.509
  665139.785        0.862        3.787      -11.468      -13.027
  594969.808        1.105        0.874       -8.290      -20.856
  679079.781       -0.584        0.745       -3.373        8.359
  998489.678       -0.215      -23.824        8.205       12.158
  880169.716        0.637        2.760      -10.405       -6.084
  531929.828       -0.995        1.536       -7.458      -16.461
  983939.683       -0.035      -30.949       17.868       19.452
  635629.795        1.567       -7.100        1.844        2.514
  749464.758        0.352      -13.314        7.248       10.359
  728249.765       -0.145      -27.605       19.288       33.906
  847584.727       -1.075        0.709       -1.549       -7.516
  901714.709       -1.969      -14.340       15.121       17.300
  823379.734       -0.640        2.994      -14.153      -23.659
  754704.757       -0.642        2.293       -7.799      -17.743
  513099.834       -0.912        1.313       -9.953      -15.092
  602144.806       -0.508       -3.433      -10.905        4.587
  955689.692        0.796        5.276      -11.088      -22.268
  888224.713        0.717        4.541      -11.412      -16.329
  873714.718       -0.989        2.170       -4.071      -20.671
  945829.695        1.521       -9.037        0.287        8.545
  732724.764        0.527       -2.438        8.906       -4.171
  648274.791        1.457       -4.431       -1.107       -6.236
  687449.778        1.120       -1.314       -8.910      -13.881
  972179.686        1.256       -3.673       -8.785       -6.637
  793224.744        1.903      -15.312       16.723       41.742
  873619.718       -0.704        4.543      -16.432      -15.926
  761844.754       -1.387       -6.394       -4.448       -5.968
  535759.827        1.716       -9.338        6.881       10.662
  791689.745       -0.536       -1.708       -2.060        6.445
  596794.807       -1.885      -15.805       14.604       40.150
  851544.725       -0.714        4.715       -9.159      -13.905
  797209.743        0.497       -4.018      -12.167        1.630
  713339.770        0.632        2.432       -8.430      -14.264
  664494.786       -0.444       -7.530       -5.632       -2.568
  664659.786        0.096      -29.380       14.242       22.346
  986389.682       -0.040      -30.673       16.304       16.166
  837334.730        1.098       -0.875       -8.707      -23.879
  995569.679        0.952        3.449       -7.153      -15.071
  727329.765       -0.255      -21.335        6.233       12.276
  879039.716       -1.039        1.668       -6.851      -17.100
  788254.746        0.563       -0.544       -8.061       -8.236
  908309.707        0.927        2.306       -1.218      -11.222
  677609.781       -1.637      -11.255        2.176       11.039
  722289.767        1.187       -1.108        8.603       -3.898
  698734.775       -1.490       -9.377        1.028        2.635
  961854.690        1.806      -14.334        4.517        9.123
  825449.734       -1.268       -2.181        8.231       -3.019
  692959.776        1.630      -10.900        3.430       10.077
  591259.809        1.902      -13.364       15.077       45.356
  984109.683       -0.804        3.997      -11.696      -18.349
  811454.738       -1.760      -12.132       21.237       12.773
  818964.736        0.855        4.125       -5.352      -16.972
  553439.821       -1.572      -12.439       10.362       -3.786
  847194.727        0.401      -10.429        1.783        6.849
  839309.729       -0.533       -1.413      -18.278        1.706
  789309.745       -0.538       -1.672       -3.984        0.582
  633609.796        1.049        1.422      -11.661       -9.780
  749894.758        1.052        1.048      -13.151      -18.786
  969299.687       -0.842        3.608      -17.154      -18.019
  522364.831        1.889      -12.349       11.791       23.939
  728999.765        0.192      -25.173        6.280       13.526
  598599.807       -1.918      -15.338        8.426       30.534
  824339.734       -1.054        1.336       -4.929      -17.659
  944464.695        1.563      -10.147        9.457       13.966
  510409.835        1.833      -10.892       15.523       21.157
  744194.760        0.722        4.673       -8.941      -16.103
  921864.703        0.557       -0.136      -14.661       -8.377
  972029.686        0.888        4.021      -19.089      -25.818
  952594.693        0.816        5.225      -15.440      -12.083
  898184.710       -1.312       -3.721        4.418        2.587
  535139.827        1.263       -0.906       -9.658      -12.182
  831274.732        1.063       -0.527       -3.690      -14.739
  582609.812       -1.867      -15.471       23.735       19.508
  631009.796        1.950      -13.614       15.923       32.369
  970499.687       -0.676        3.538       -6.796      -11.820
  961614.690        1.544      -10.000        3.027       10.305
  913324.705        0.944        2.483       -7.066      -17.942
  740824.761        0.577        0.663       -5.062      -22.191
  612684.802       -0.899        2.937      -12.465      -27.011
  709299.771       -1.848      -11.292       12.771       42.260
  991299.680        1.689      -11.622       12.129       13.683
  552354.822       -1.933      -18.536        7.662       48.008
  540589.826        0.809        4.579       -9.839       -2.647
  829504.732        0.625        2.207       -0.881       -1.669
  520349.832       -1.640      -13.982       15.665       12.727
  883819.715        1.192       -3.612       -1.085       -6.677
  973244.686        0.790        5.101       -2.263       -6.799
  657799.788       -1.220       -1.225        0.293       -9.317
  816284.737        1.639      -12.476       10.687        5.441
  824844.734       -1.392       -5.201        4.088      -10.950
  910664.706        1.158       -2.608        0.117      -13.869
  995489.679        1.012        2.325      -11.916      -20.455
  878759.717       -1.460       -7.286        8.772       14.459
  758454.755       -0.511       -2.937        1.684       -0.739
  911719.706        1.249       -3.962        0.707       -7.349
  558589.820        1.529       -7.336       -0.964        1.930
  982119.683        1.007        2.413       -4.586       -5.397
  789179.745       -0.649        2.701       -6.532       -7.427
  725249.766        1.610       -9.465       10.785        4.032
  722784.767        1.222       -1.542       -1.552      -12.939
  573464.815        0.503       -3.594       -6.918       -9.121
  771384.751       -0.641        2.381      -12.792       -2.745
  692609.777        1.041        0.875        1.458      -19.089
  699349.774       -1.660      -12.133        4.747       11.507
  870754.719       -0.086      -29.101       10.748       28.909
  829509.732        0.688        3.779       -7.152        7.723
  943539.696        0.872        4.386      -11.233      -17.935
  507089.836       -0.549       -2.182       -7.404      -14.773
  961674.690        1.681      -12.527       16.224       21.459
  836494.730        0.977        1.593       -5.530      -19.731
  738884.762       -0.030      -30.393       12.141       19.977
  516309.833       -0.514       -3.032       -4.094       -4.628
  946894.695       -0.406       -9.914        2.153       -9.107
  702809.773       -1.275       -3.151        4.354        3.581
  727119.765       -0.578        0.118      -12.736      -14.846
  940239.697       -0.305      -17.116        9.258        8.889
  560079.819        1.612       -8.599        9.527        3.020
  830294.732        1.760      -14.152        8.623       16.680
  619479.800       -1.927      -14.624        6.871       26.588
  697664.775       -1.820      -14.118       19.097       15.674
  675349.782       -0.153      -27.239       20.957       15.750
  927284.701        1.901      -15.632        9.853       31.936
  968289.688       -1.478       -7.946        4.100        1.032
  730209.764       -1.269       -2.894       -3.657       -7.413
  506319.837       -0.223      -24.790        7.835       14.523
  538484.826       -0.297      -18.703       -0.301       11.118
  719349.768        1.683      -12.024        5.407       14.005
  849669.726       -1.005        2.046      -10.305      -21.207
  932639.699       -0.835        3.839       -9.020      -19.269
  790184.745        0.567       -0.274      -17.104      -19.530
  880179.716        0.572        0.452      -20.070      -20.901
  761439.754       -0.810        4.017       -2.877      -13.734
  854584.724        1.639      -11.460        3.924       11.718
  624989.798       -1.948      -13.051        8.323       17.508
  847579.727       -1.067        0.844        3.951      -13.622
  546149.824       -0.775        4.573       -9.286      -15.398
  626204.798        0.332      -15.856       -0.472       10.072
  547714.823       -1.127       -0.866       -5.522       -0.017
  801509.741        0.729        4.628      -18.975      -22.865
  848419.726       -1.770      -13.230        5.548        7.446
  779699.748       -1.115        1.361       -5.158      -14.213
  747284.759       -0.391      -11.028       -5.141       18.998
  574104.815        1.023        2.119       -8.234      -13.960
  777869.749       -1.235       -1.070        1.069       -2.102
  505759.837        1.862      -11.653        9.482       15.642
  792494.744        0.542       -1.351      -12.009      -21.209
  831239.732        1.046       -0.152       -5.691      -23.194
  820714.735        1.599      -10.567        9.264       12.889
  837894.730        0.468       -6.039      -11.125       -3.068
  550724.822        1.016        2.194       -8.940      -17.195
  844689.728        0.400      -10.836       -9.145      -10.060
  771984.751       -0.403      -10.346       -6.357       10.968
  586279.811        0.641        3.045      -22.908      -10.138
  545469.824       -1.846      -17.017       17.600       36.304
  826564.733       -1.787      -12.299       12.684       22.347
  656974.788        0.267      -20.381        7.088       15.467
  936264.698        1.814      -13.918        8.938       23.610
  999314.678       -1.960      -16.743       16.769       26.970
  606289.804        1.561       -8.260        3.780        8.462
  831324.732        0.945        2.135      -11.163      -20.352
  539764.826       -0.443       -6.967      -10.191       -6.884
  935714.698        1.737      -13.083       11.056       22.864
  975619.685        0.957        2.714      -16.518      -17.585
  565839.817        0.494       -4.559       10.014       20.824
  598644.807       -1.764      -13.897       18.184       24.877
  570839.816       -1.794      -15.282        6.935        6.516
  992339.680       -1.554      -11.269        9.944        3.885
  671494.783        0.791        4.526      -11.847      -19.353
  744429.760        0.370      -12.131        4.847        3.057
  695479.776       -1.125       -0.922       -1.638      -12.986
  953219.692       -0.406       -9.952        8.064       26.358
  899054.710       -1.810      -13.603        3.646       13.498
  630764.797        1.651       -9.396        1.887        9.785
  748989.758       -1.126       -0.299        1.387       -7.880
  619359.800       -1.724      -12.466        5.535       11.438
  830754.732        1.738      -13.461        4.518        0.673
  628439.797       -0.932        3.716      -12.111        2.680
  599189.807       -0.470       -5.985        1.294        4.014
  821904.735       -0.749        4.371      -17.492      -17.970
  932699.699       -1.054        0.671       -4.888      -19.142
  815959.737        0.742        4.828       -9.142      -16.282
  761594.754       -1.470       -8.365        1.557       -5.578
  618319.801       -0.223      -23.348       19.882       24.005
  511269.835       -1.227       -4.961       -6.990      -11.022
  797144.743        0.104      -28.812       12.018       13.508
  745719.759        1.854      -15.320       12.554       18.504
  588049.810        0.501       -3.405        2.610       -6.160
  840014.729       -0.027      -30.934       15.716       30.722
  651639.790       -0.773        4.307      -17.777      -15.948
  585509.811       -0.722        3.753      -22.504      -25.026
  567764.817       -1.030        0.871       -8.888      -16.825
  668779.784        0.870        4.091      -10.470      -27.146
  950244.693        1.601      -10.759       10.903       14.076
  823334.734       -0.582        0.953      -13.889        0.538
  775289.750        0.501       -3.810       -7.087        7.572
  613864.802        0.197      -24.535       15.392       16.011
  899339.710       -1.915      -14.490       14.872       22.210
  835694.730       -0.383      -11.456        1.958        0.576
  879694.716       -0.072      -29.137       12.181       29.760
  975864.685        1.356       -6.084       -2.526       -7.038
  953119.693       -0.385      -11.504        8.555        5.560
  743754.760       -0.408       -9.501       -2.565       -3.316
  835214.731        0.994        1.081      -11.549      -16.452
  668104.784        0.632        2.210       -7.749       -7.777
  669189.784       -1.154       -0.572       -3.026      -22.058
  999049.678       -1.823      -15.553       13.103       27.269
  669284.784       -1.281       -3.365       -8.761      -13.841
  938354.697        0.547       -0.274      -15.526      -18.064
  886639.714       -0.532       -0.959       -9.635        2.140
  882974.715        0.699        4.128      -14.772      -14.476
  920989.703        0.606        1.861       10.309       -8.817
  773189.751        1.486       -8.501       15.499        9.235
  685289.779       -1.069        0.781       -9.430       -8.770
  876939.717       -1.503       -8.445        0.400        4.750
  829869.732        1.067       -0.833      -10.561      -21.043
  805789.740        0.650        3.580      -19.451      -24.843
  566539.817        0.749        4.646       -4.090       -7.096
  629539.797        0.589        0.296      -10.064       -3.784
  871194.719       -0.158      -26.176       14.678       15.421
  935029.698        1.723      -13.222        9.125       21.095
  774994.750       -0.556       -0.599      -11.240       -1.239
  916394.704        0.133      -27.532       17.270       13.710
  728604.765       -0.539       -1.402       -5.613       -4.700
  549999.823       -0.495       -2.775       -2.580        1.568
  663124.786        0.434       -9.024        4.927        9.578
  997829.678       -1.058       -0.232        2.588       -1.995
  938624.697        0.326      -15.505       10.980       13.119
  850089.726        0.611        1.892      -15.685      -12.308
  884009.715        1.505       -9.258       31.652        0.551
  529584.829       -1.675      -14.304        9.831        6.005
  753559.757        1.491       -8.001        5.413        5.353
  590089.810        1.602       -9.253        9.584       10.977
  946404.695        0.383      -11.048       -4.673       -2.453
  512449.835       -1.987      -18.933       18.574       37.963
  586889.811        1.791      -12.243       18.778       15.033
  961834.690        1.662      -12.095        5.083       25.898
  982479.683        0.885        4.471      -12.121      -17.156
  554764.821       -1.328       -4.939       -1.128        5.875
  792944.744        1.693      -12.438        4.754        6.545
  976789.685        1.312       -4.767        6.726       -6.416
  576839.814        0.097      -29.185        9.485       24.270
  806664.740       -0.439       -7.688        5.273       20.170
  813739.737       -1.781      -12.202       13.193       22.866
  821709.735        0.501       -3.158      -12.623      -15.391
  795344.743       -0.538       -1.488      -10.138      -11.645
  790064.745        0.964        2.277      -10.199      -21.614
  538139.826        0.390      -11.840       -4.840        3.190
  686929.778        0.608        1.674      -15.641       -3.272
  537624.827        1.616       -7.024        5.752       22.175
  777774.749       -1.388       -4.216        6.799       13.250
  622244.799       -0.857        4.407       -8.138      -12.756
  802219.741        0.808        4.704      -13.595      -18.297
  888809.713        0.324      -15.539       13.505       15.989
  695084.776        1.105        0.106       -0.831      -14.069
  918604.704        1.330       -4.686        0.520       -7.106
  869999.719       -0.774        4.897      -17.999      -25.065
  934754.698        1.108       -0.287       -7.493        2.373
  558374.820        1.177       -0.561       -7.781      -16.089
  780109.748       -1.304       -1.642       -0.785       -5.530
  712124.770       -1.346       -3.718        5.862      -10.267
  593569.809        0.441       -7.303       -3.262        3.790
  855659.724        1.887      -14.791       10.210       23.328
  696894.775       -1.886      -14.669       35.637       18.358
  792984.744        1.645      -11.631        4.112        9.724
  971594.687       -0.848        3.768      -15.368      -23.857
  753969.757        0.746        5.231      -13.419      -17.387
  772784.751        0.014      -30.593       11.476       11.410
  837289.730        1.069       -0.269      -10.274      -16.338
  508124.836       -0.568       -0.964      -17.999      -17.500
  870959.719        0.476       -5.119      -10.550       -0.807
  948804.694       -0.845        3.564      -18.664      -26.864
  890559.713       -0.060      -29.179       24.193       35.884
  845679.727       -0.219      -23.142        7.542        5.269
  828419.733       -0.511       -2.575      -12.303      -10.893
  609234.803        1.292       -1.909       -2.287        3.879
  949349.694        0.051      -29.502       22.277       23.914
  623979.799       -1.527       -8.233       15.063       19.019
  936109.698        1.900      -15.018       13.903       18.212
  721184.767        1.339       -4.578        2.059      -11.466
  985039.682        1.019        2.106      -11.051      -20.333
  565689.818        1.079        1.505      -11.885      -21.812
  829669.732        0.882        3.168       -9.740      -24.791
  678294.781       -1.150       -0.452       -1.592       -5.093
  662104.786        0.664        2.570      -18.839      -15.013
  991259.680        1.784      -12.938       14.876       11.608
  832869.731        1.966      -16.836       10.543       34.874
  798079.743        0.717        4.454      -19.288      -20.669
  894659.711       -1.175       -1.183       -8.578       -6.995
  915219.705        1.157       -1.267       -5.338       -6.932
  969834.687       -0.472       -5.280       -2.756       -7.947
  995284.679        0.896        4.290       -3.223      -10.605
  844799.727       -0.092      -29.570       20.025       36.894
  900669.709       -0.857        4.344       -5.426      -18.326
  703289.773       -1.307       -3.786       -3.073      -11.350
  899449.710       -1.978      -14.832       15.236       26.382
  947604.694        0.422       -8.032       -2.801       -4.942
  709274.771       -1.884      -11.542       17.416       22.063
  869949.719       -0.551       -0.137       -7.487      -10.987
  887949.714        1.245       -4.108        1.075       -9.685
  947779.694        0.268      -19.410       25.511       22.889
  538184.826        0.257      -21.387       12.802        6.843
  986714.682       -0.336      -15.114        6.630        1.974
  709114.771       -1.729      -10.313        4.959        8.125
  854404.724        1.432       -7.764        0.844        6.250
  924599.702        0.779        5.097       -5.050      -18.004
  920234.703       -0.600        1.558      -11.286      -10.407
  545889.824       -1.132       -1.844        9.227       -0.415
  561999.819        1.539       -7.345       14.003        4.110
  732684.764        0.727        4.255       -8.434       -7.792
  519464.832       -1.863      -17.493        5.908       23.717
  661659.787       -0.564       -0.564       -6.757       -4.642
  781909.748       -1.948      -12.731       12.509       33.331
  815669.737        0.419       -8.798       -3.647        1.261
  598579.807       -1.884      -15.109       14.187       39.836
  786014.746       -1.319       -1.951       -6.799       -0.154
  894724.711       -1.392       -5.881        2.528      -13.240
  960994.690        0.407       -9.210       -2.609        0.983
  577159.814        0.443       -7.139       -7.160        5.720
  531394.829       -1.528      -10.528        7.675       14.809
  992264.680       -1.377       -7.185       21.726        5.695
  540909.826        0.736        4.374      -11.153      -10.456
  927959.701        1.592      -10.853       10.490        7.751
  685369.779       -1.020        1.792      -10.844      -22.622
  609594.803        1.623       -8.242        4.335        0.836
  829134.733        0.344      -14.991       13.150        0.637
  614824.802       -0.809        4.193      -17.902      -27.431
  643954.792        1.639       -8.361        3.036        7.261
  983464.683        0.486       -4.412       -8.304       -2.841
  651529.790       -0.961        2.820      -10.116      -10.814
  964114.689        1.810      -14.058        5.529       19.506
  619069.800       -1.390       -5.777       -4.239        1.150
  725609.766        0.744        4.724      -11.242      -13.938
  714824.769       -0.708        4.240      -11.639      -11.222
  994544.679       -1.315       -5.539        0.212        8.496
  799029.742        0.723        4.599       -8.032      -18.520
  872924.718        0.505       -2.864       -2.164        0.581
  940529.697       -0.847        3.500      -17.224       -7.594
  783404.747        1.936      -15.682       25.512       19.558
  516509.833       -1.246       -5.039        6.024       10.020
  888549.713       -0.195      -24.276        5.621       26.072
  808709.739       -1.587       -9.549        4.496        1.567
  815279.737       -1.186       -0.582       -0.108        0.723
  618009.801       -0.952        2.977      -10.462      -13.004
  894309.711       -1.500       -8.531        9.397        2.619
  869344.720       -0.455       -5.987       -3.854       -1.356
  770284.752       -1.421       -5.304        8.380       -0.556
  808449.739       -1.401       -5.600        0.489       -9.462
  783034.747        1.591      -10.654       11.067        9.394
  502924.838        1.662       -9.488        5.790        8.266
  553314.822       -1.792      -16.516        4.630       31.302
  549759.823       -0.758        4.775      -19.509      -24.846
  504364.837        1.223        0.347        0.810       -2.702
  944774.695        1.809      -13.971       12.674       17.322
  526114.830       -0.698        3.799      -16.206       -9.807
  629294.797       -0.551       -0.501      -15.502      -16.470
  905574.708       -0.915        3.768       -3.415      -18.216
  749914.758        0.982        2.522       -8.353      -11.212
  794119.744        0.783        4.734       -7.171       11.117
  822219.735       -0.348      -14.253       -2.797       12.899
  973684.686       -0.895        3.189       -4.693      -23.189
  541079.825        0.674        3.355       -9.167      -15.848
  777519.749       -1.818      -11.761       15.403       30.364
  828449.733       -0.501       -3.178      -12.833      -12.558
  879094.716       -0.861        4.464      -11.648      -16.550
  906194.708       -1.314       -2.727       -3.072       -4.601
  587949.810        1.186       -0.655        0.338       -3.831
  753374.757        1.399       -6.104        1.487       -5.191
  775599.750        0.819        4.704      -19.194      -28.565
  939274.697       -0.018      -30.270       20.865       18.130
  543129.825       -0.086      -28.657       17.712       34.029
  550049.823       -0.684        4.428      -18.730      -10.639
  696024.775       -1.988      -15.418       17.283       30.168
  525809.830       -0.987        0.951       -7.022       -9.393
  961444.690        1.297       -4.537        1.344        2.399
  992394.680       -1.607      -12.364        6.676       10.585
  682814.780       -1.083        0.638      -11.243      -14.795
  887684.714        1.673      -11.573       14.832        9.534
  787324.746       -1.536       -6.455       11.035       10.055
  672949.783        1.905      -13.800        6.801       20.408
  749239.758       -0.292      -18.182       17.438       20.450
  850079.726        0.652        3.186       -8.477       -5.708
  873569.718       -0.665        3.888       -8.536      -15.803
  537684.827        1.561       -6.056        1.788        3.823
  571784.816       -0.302      -17.226       18.278        2.137
  886139.714        0.275      -19.162        6.014       12.549
  541599.825        0.858        4.671       -6.259      -23.915
  684369.779        0.788        4.639      -16.448      -21.660
  671184.783       -1.099        0.699       -2.595       -1.690
  551484.822       -0.823        4.442      -11.108      -11.178
  615654.801       -1.455       -8.280        9.870       -4.798
  831389.732        1.039        0.053       -4.626       -4.696
  975024.685       -0.201      -24.388       13.091       19.960
  728239.765       -0.286      -18.915        7.051        2.593
