  791539.745        0.580        0.441      -19.984      -12.783
  776809.749       -1.246       -1.509        0.598       -6.270
  623104.799       -1.816      -12.678        3.145       23.855
  835079.731        1.535       -9.697        3.130        6.868
  651549.790       -0.823        4.225      -13.242      -14.077
  844709.728        0.307      -17.708       -3.632        0.789
  508099.836       -0.656        1.980      -18.199      -21.224
  555144.821       -1.543      -10.743        9.427        4.657
  792009.745       -0.377      -12.009       -5.619        1.359
  662494.786        0.255      -22.093       12.337        3.713
  663909.786        0.030      -31.083       12.632        9.211
  801894.741        0.480       -4.816      -18.150      -12.599
  550009.823       -0.568        1.074       -9.454       -7.314
  558224.820        0.861        3.901       -4.701      -15.131
  628179.797       -0.927        3.690       -8.832      -15.213
  696719.775       -1.938      -14.976       11.249       15.271
  843164.728        1.636      -10.818        5.929       12.012
  976094.685        1.756      -13.650        2.477        0.361
  790349.745        0.272      -19.999       10.927       12.913
  867119.720        1.853      -12.663        6.683        7.089
  627669.798        0.497       -4.181        1.794        0.178
  562189.819        1.383       -3.980        3.311       -6.370
  626164.798        0.285      -19.257        5.356        9.610
  898699.710       -1.585       -9.964       16.488       15.552
  939434.697        0.483       -3.832      -15.990      -13.231
  936599.698        1.989      -15.660       12.890       18.473
  798919.742        0.724        4.573      -11.990      -21.429
  950304.693        1.734      -12.920        2.265       20.241
  885409.714        1.452       -7.924        4.195       -4.396
  922229.702        0.894        3.777      -10.442      -24.175
  536039.827        1.722       -9.201       11.230       19.959
  891734.712       -1.930      -16.157       11.170       10.560
  889259.713        0.104      -28.265       25.060       20.183
  671089.784       -1.345       -4.783        5.554       -3.927
  904114.708       -1.900      -13.228       11.085       16.747
  947289.694        0.198      -24.109       15.248       20.996
  535784.827        1.667       -8.578       11.578       11.643
  914659.705        1.294       -4.322        8.388       -5.526
  538969.826       -0.364      -13.286        4.563        7.540
  800194.742       -0.971        2.814      -10.036      -15.615
  858389.723        1.984      -14.980       24.171       20.413
  661944.786       -0.279      -20.266       13.782       16.004
  891034.713       -1.175       -1.720       -2.207      -16.622
  741379.761       -1.244       -2.702        0.652      -11.165
  524799.831        0.120      -28.802       22.324       29.684
  981004.684        1.167       -0.852      -10.324       -3.069
  970384.687       -0.692        3.785      -10.956      -13.520
  721374.767        1.308       -3.837        4.142        0.227
  936609.698        1.933      -15.075       20.510       23.970
  956029.692        0.829        5.091      -12.463       -9.910
  702459.773       -1.561       -9.455       -1.813       -2.667
  844459.728        0.110      -29.077       22.424       21.857
  527754.830       -1.291       -5.131        5.998       -4.521
  743494.760       -1.392       -5.738        6.894       -5.881
  924784.702        1.468       -8.434        4.618       -1.564
  613924.802        0.358      -13.500        0.683       -0.407
  884449.715        0.888        3.259       -5.054      -16.102
  738179.762        1.514       -8.295       -3.642        1.255
  650839.790       -1.992      -12.981       14.526       39.337
  617589.801       -0.987        2.233       -2.863       -7.171
  711199.771       -0.682        3.829      -20.494      -24.307
  888849.713        0.405       -9.532       -3.078       12.631
  855084.724        1.888      -15.133        6.536       24.002
  663759.786        0.345      -15.216       -3.602       -2.821
  959609.690       -0.281      -18.999       10.206        0.133
  906809.707        0.634        2.611      -19.595      -14.330
  807694.739       -0.042      -30.191       28.607       38.820
  825579.734       -1.168       -0.241       -5.388      -15.638
  808714.739       -1.601       -9.828        6.492        7.558
  673524.783        0.817        4.726      -10.908       -2.590
  959869.690        0.073      -29.458       18.488       22.204
  626439.798        0.811        4.155      -13.859        1.755
  552129.822       -1.864      -17.996       19.197       23.539
  790799.745       -0.420       -8.952       -7.830        8.277
  549499.823       -0.351      -12.954        1.024        9.367
  826909.733       -1.971      -14.035        7.810       17.241
  807409.740       -0.033      -30.340       19.868       11.768
  506539.837       -0.478       -6.637       -7.111      -11.690
  643054.793        0.840        4.370      -12.845      -25.329
  681659.780       -0.726        4.308      -21.666      -22.470
  730169.764       -1.390       -5.684        2.489       -3.920
  923934.702        0.659        3.876      -11.572      -13.568
  869539.719        0.045      -30.167       18.973       20.568
  830004.732        1.369       -7.086        1.729       -2.212
  690289.777        1.050        0.381       -1.122      -13.083
  626344.798        0.585        0.030      -14.583      -10.927
  712559.770       -0.209      -23.768       24.012        9.879
  809914.739       -0.674        3.596        2.911       -7.019
  824589.734       -1.027        1.805       -5.207       -2.068
  796104.743       -0.617        2.096      -23.012      -17.209
  956364.691       -1.048        0.385       -1.771      -14.988
  821519.735        1.086       -0.533        0.228      -15.493
  906734.707        0.063      -29.631       17.853       26.300
  943489.696        0.724        5.137      -23.371      -21.069
  512014.835       -1.674      -15.538        8.685       13.004
  850614.726        0.843        4.154      -19.208       -9.868
  804469.740        1.423       -8.037       10.803       12.270
  626584.798        0.637        2.038      -19.037      -16.356
  649859.790       -1.680      -11.265       13.328       11.600
  851244.725       -0.614        2.421      -11.127        5.115
  679899.781        0.791        4.586      -13.724      -23.173
  817729.736        1.723      -13.557        8.807        8.529
  828714.733       -0.199      -24.560        5.669        2.815
  634979.795        1.530       -6.784       -0.298        1.548
  768019.752       -1.274       -2.803       19.474       -7.621
  843599.728        1.274       -4.133        3.191       -9.743
  516349.833       -0.475       -5.414      -14.103        3.852
  539819.826       -0.492       -3.642       -1.764        1.058
  789809.745       -0.273      -19.715        0.964       11.543
  609124.803        1.143        0.571       -3.380      -16.622
  805469.740        0.254      -21.230        9.727       18.009
  561369.819        0.372      -13.083        4.770       12.974
  943559.696        0.966        2.671      -12.293      -14.095
  881999.715       -0.416       -8.326        7.451        2.688
  894439.711       -1.177       -1.284        3.521      -15.006
  652129.790       -1.809      -11.535       13.103       23.791
  879374.716       -0.614        2.696      -14.716      -21.294
  573784.815        0.213      -23.510        9.057       17.556
  527264.830       -1.475      -10.740        0.171      -10.761
  801764.741        0.893        3.408      -17.807      -18.327
  836759.730        1.330       -5.902        8.603       -7.927
  893134.712       -1.788      -14.410        4.919       34.881
  713454.770        0.312      -17.054       -1.608        4.428
  548894.823        0.310      -17.284        8.986        9.311
  754564.757       -0.912        2.943      -11.747      -18.862
  955104.692       -0.736        3.786      -14.600      -17.747
  514449.834       -0.987       -0.254      -17.402      -15.927
  832179.732       -0.839        4.738      -21.452      -15.563
  955769.692        1.078        0.442        4.973       -7.086
  526814.830       -0.917        2.485      -16.460      -24.223
  914839.705        1.287       -4.103        5.154       -8.038
  942969.696       -0.607        1.459      -14.535      -11.424
  916664.704        1.049        0.933      -15.301      -15.374
  802999.741        1.656      -12.707        4.210       19.773
  874944.718       -1.093        0.543       -8.900      -20.696
  934554.699        0.536       -0.961       -9.085      -13.757
  919374.703       -0.618        1.934      -12.002      -16.846
  755559.756       -0.149      -26.762       23.861       36.181
  596019.808       -1.598      -11.662        3.179       12.868
  572904.815        0.190      -24.911       14.625       20.891
  973659.686       -0.775        4.312      -16.046      -20.583
  699599.774       -1.973      -14.461       11.254       18.882
  969294.687       -0.819        3.808      -11.644      -19.495
  586429.811        0.983        2.801      -12.613      -10.650
  893919.712       -1.724      -13.155        5.333       11.813
  612104.803        1.107        1.347        0.380      -16.088
  624274.799       -1.537       -8.222       10.131       13.596
  568499.817       -1.290       -4.160       -2.737       -2.317
  616319.801       -1.927      -14.980       20.974       26.084
  935639.698        1.764      -13.545        9.961       22.983
  601774.806        0.823        5.037      -19.496      -16.580
  887439.714        1.125       -1.774       -8.788      -15.941
  693929.776        1.992      -15.971       27.847       28.881
  535169.827        1.171        0.580       -5.035       -9.767
  911699.706        1.252       -4.054       -0.136       -1.403
  722494.767        1.151       -0.363       -2.409        6.120
  887189.714        0.473       -4.906       -3.878       10.460
  875949.717       -1.027        1.758       -9.044      -17.434
  927459.701        1.367       -6.000        6.884        8.072
  661734.787       -0.769        4.989      -11.162       -6.772
  995634.679        0.903        4.253      -11.534      -20.273
  693564.776        1.621      -10.339        1.761        4.305
  807044.740       -0.060      -30.246       18.639        8.430
  673684.783        0.591        0.851       -4.297       -4.147
  960694.690        0.253      -20.599       10.901        8.190
  729924.765       -0.830        4.274      -13.312      -11.718
  843644.728        1.072       -0.086       -3.967      -17.924
  764829.753        0.323      -15.987       -2.725       10.209
  649304.791        0.569       -0.220       -7.746       -9.929
  961934.690        1.876      -15.227       38.957       35.735
  798924.742        0.694        4.203      -13.672      -17.638
  554314.821       -1.305       -4.538        8.026        5.267
  813264.738        0.524       -1.876      -13.728       -3.699
  614534.802       -1.185       -1.962       -8.928       -8.924
  535404.827        1.440       -4.218        6.349        1.379
  719119.768        1.124       -0.431       -1.221      -16.958
  844284.728       -0.492       -3.808      -11.942       -6.420
  836749.730        1.251       -4.290       -3.032       -9.757
  590059.810        1.477       -6.705       -2.323        3.092
  690364.777        1.140       -1.448        8.010       -9.773
  531624.828       -0.889        3.287       -4.373      -10.115
  583104.812       -1.261       -3.039       -3.052       -5.452
  824219.734       -1.513       -7.962        7.056       11.893
  574139.815        0.817        4.901       -2.610      -15.598
  996084.679       -1.582      -11.782       -2.087        3.372
  824679.734       -1.309       -3.386        2.299        8.374
  648134.791        1.608       -7.092       12.056       13.131
  973669.686       -0.823        4.055      -16.360      -19.418
  999634.678       -1.503       -9.774       15.672       19.777
  678494.781       -0.425       -8.836        4.904       -6.330
  561014.819       -0.298      -16.964        6.589        6.584
  973814.686       -0.867        3.635      -12.432      -17.740
  942349.696       -1.923      -14.572        2.874       30.913
  652159.790       -1.890      -12.153        5.978       31.127
  602814.806       -0.578        0.317      -11.829      -10.122
  617504.801       -1.087        0.578       -3.018       -5.689
  775644.750        0.698        4.176       -7.493      -23.430
  864269.721       -1.299       -3.692       -3.045       -8.142
  744259.760        0.660        3.624      -18.157      -13.124
  942359.696       -1.913      -14.487        5.027       18.446
  879194.716       -0.638        3.393       -7.750       -9.979
  545169.824       -1.845      -17.266        2.496       26.820
  948584.694       -0.403      -10.061        4.336        1.526
  843029.728        1.618      -10.581        3.248        7.875
  957184.691       -1.692      -12.368       11.612       22.665
  602044.806       -0.269      -20.627        7.633       33.877
  960684.690        0.283      -18.521       10.137       15.086
  838144.730        0.140      -27.935       11.819       16.728
  667789.785        0.503       -4.000       -4.921        1.638
  676634.782       -0.419       -9.157       -8.788       -6.971
  846579.727        0.342      -15.064       -5.147        4.353
  953554.692       -1.614      -11.195        3.168       10.691
  963119.689        1.519       -9.310       -0.587       -3.480
  829559.732        0.731        4.264       -9.231      -28.593
  628939.797       -0.451       -6.589       -3.154       11.556
  783189.747        1.487       -8.532       -2.879       -3.468
  858104.723        1.846      -13.251        6.619       15.529
  643039.793        0.834        4.407      -20.633      -20.820
  602339.806       -0.655        2.833      -19.304      -19.589
  951904.693        0.929        3.589      -17.953      -13.525
  929874.700        1.025        1.555       -9.909      -16.946
  521054.832        0.146      -27.365       12.562       11.060
  984344.682       -0.828        3.830      -13.080      -19.248
  804549.740        1.586      -11.060       -0.411       -0.211
  824534.734       -0.816        4.669       -8.699      -12.955
  850544.726        1.061       -0.103      -10.219      -22.741
  605179.805       -0.446       -7.247       -3.170        3.454
  563099.818        0.597        0.715       -6.416       -0.353
  774374.750        1.408       -6.497       -4.605        6.515
  843429.728        1.342       -5.480       -7.914       -5.907
  755064.756       -0.456       -6.675        6.765       10.859
  901349.709       -1.399       -5.085        4.091        7.309
  562964.818        0.659        2.806       -4.383       -0.578
  955234.692       -0.868        3.188      -19.600      -19.567
  982954.683       -0.706        3.744      -11.607      -10.439
  669199.784       -1.245       -2.573       -4.311      -12.939
  647824.791        1.879      -11.297        4.988       25.632
  770969.751       -1.410       -4.714       17.323       -3.995
  893579.712       -1.395       -6.334       -3.227       -8.638
  526054.830       -0.953        1.709      -12.375      -19.278
  758319.755       -0.488       -4.320       -5.805      -13.673
  957624.691       -1.729      -12.712       28.543       20.930
  687284.778        0.659        3.242        0.408       -2.663
  936519.698        1.934      -15.147       12.745       23.386
  981544.683        1.026        2.014       -7.947       -7.196
  521209.832        0.809        5.005      -13.341      -28.997
  755189.756       -0.402      -10.320        0.311        1.450
  694194.776        1.956      -15.411       21.663       28.776
  837619.730        1.106       -0.907       -8.982      -11.984
  582879.812       -1.123       -0.672       -9.557      -18.708
  985079.682        0.855        4.751      -16.124      -21.820
  714869.769       -0.601        1.501      -16.096      -15.265
  753024.757        1.832      -14.330        4.435       20.602
  722889.767        1.157       -0.298        2.350      -12.544
  656349.788       -0.600        0.936      -13.316      -22.719
  657709.788       -1.181       -0.456       -8.608      -12.867
  614174.802       -0.681        3.507       -7.977      -20.693
  841639.728        1.950      -16.072       12.673       17.345
  676514.782        0.706        4.299      -13.784      -20.456
  898569.710       -1.282       -2.956       -4.967       -8.616
  900334.710       -1.153       -0.281      -10.285      -18.664
  829134.733        0.344      -14.991       12.118       -0.213
  817764.736        1.610      -11.697        2.968       12.420
  893634.712       -1.528       -9.502       20.685       14.603
  998914.678       -1.393       -7.410        7.381        7.003
  978839.684        1.293       -3.971        4.402       -9.469
  827249.733       -0.992        2.722       -8.397      -18.526
  967559.688       -0.817        3.582       -9.312      -10.301
  805744.740        0.424       -8.474       -8.094       -6.817
  968689.688       -1.183       -1.527       -8.456      -14.947
  827874.733       -0.468       -5.325       -0.860       -7.561
  834319.731        1.890      -15.328       21.528       30.832
  567074.817        0.113      -28.440       17.955        9.602
  727924.765       -0.777        4.376      -13.644      -17.153
  650174.790       -1.886      -13.006        9.351       26.058
  730244.764       -1.150       -0.511        2.121      -12.090
  845434.727        0.131      -28.041       25.114       28.198
  785449.747        1.926      -15.086       15.911       20.041
  738674.762        0.385      -11.721       10.171        8.588
  725969.766       -0.464       -6.209       -9.147        4.753
  514619.834       -1.071       -1.692       -9.339      -10.590
  589594.810       -0.893        3.225      -16.745      -23.645
  932109.699       -1.767      -13.246        7.537       17.576
  711119.771       -0.917        3.757      -17.579      -22.752
  893504.712       -1.414       -6.809       -2.972       -9.473
  887824.714        1.460       -8.101        5.526       13.064
  956369.691       -1.073       -0.036        0.125       -6.081
  966939.688        0.963        3.021       -9.174      -18.778
  995794.679        0.271      -20.338       17.215       18.856
  844394.728       -0.489       -3.987      -14.236      -12.996
  531679.828       -0.852        3.803       -6.338       -5.798
  788604.746        0.233      -22.576        6.299       20.445
  914339.705        1.186       -2.221        3.850       -4.302
  807639.739        0.259      -20.406        9.652       10.970
  862084.722        1.994      -14.251       14.062       21.146
  802574.741        1.334       -6.496       -1.722       -2.326
  788164.746        0.625        1.986       -1.046        4.034
  660714.787       -0.685        3.935      -12.616      -17.596
  995129.679        0.082      -29.834       17.384       23.752
  531484.829       -1.124       -1.007        2.052      -16.825
  778109.749       -1.518       -6.768        4.108       -5.315
  617174.801       -1.507       -8.660       -4.081        5.863
  681649.780       -0.664        3.340      -18.854      -19.385
  618694.800       -1.028        1.847       -3.342      -18.582
  595854.808       -1.361       -5.968       -6.346        0.809
  889329.713       -0.380      -11.133       16.913       18.193
  916694.704        1.106       -0.202      -10.917       -6.745
  818604.736        1.202       -3.527       -3.220      -14.528
  628979.797       -0.672        3.854       -9.952       -2.622
  971904.686        0.182      -25.157       26.281       29.378
  679129.781       -0.536       -1.521      -15.375      -17.789
  937249.698        1.250       -3.048       -1.164      -13.536
  543094.825       -0.176      -25.094       11.901       19.518
  505694.837        1.785      -10.722        2.709        7.012
  972114.686        1.134       -0.958       -1.984      -19.232
  726439.766       -1.280       -3.197       -8.551      -16.380
  782284.748       -1.790      -10.809        8.577       15.644
  732164.764       -0.358      -13.305        2.550        0.195
  525804.830       -0.939        1.871       -6.467      -19.098
  664174.786       -0.052      -30.678       22.268       13.140
  548604.823        1.354       -2.982       -2.424       -8.018
  525564.830       -0.533       -1.880       -7.078       -1.838
  772574.751       -0.543       -1.239      -14.674      -12.725
  671269.783       -0.759        4.665      -14.848      -13.201
  908129.707        1.259       -4.973       -5.128       11.365
  681289.780       -0.028      -30.149       23.219       23.412
  680804.780        0.249      -21.204       11.612        4.718
  883934.715        1.350       -6.658       -3.904       -4.009
  582954.812       -1.121       -0.577       -2.341       -9.235
  612024.803        1.414       -3.844        1.725        1.175
  836824.730        1.489       -8.918        4.511        2.962
  545569.824       -1.695      -14.804       17.340        6.856
  753244.757        1.436       -6.977       -1.871       -2.636
  776029.750       -0.107      -28.528       21.521       21.855
  971929.686        0.294      -17.904        7.352       23.525
  634544.795        0.621        1.872       -4.832       14.536
  538204.826        0.199      -24.954       15.491        8.864
  699429.774       -1.636      -11.749        0.333        4.469
  825499.734       -1.197       -0.809       -2.060      -16.111
  945779.695        1.630      -11.095        8.089       16.194
  595584.808        0.043      -30.657       14.552       22.444
  916274.704       -0.259      -20.749        5.103        6.219
  825134.734       -1.099        0.803       -4.428      -12.480
  984954.682        0.997        2.491       -9.078       -7.327
  535274.827        1.246       -0.553        0.656      -17.380
  984734.682        0.573        0.571      -13.451        1.465
  566264.817        0.919        3.922      -19.766      -14.563
  752929.757        1.720      -12.722        7.276       10.668
  981714.683        0.884        4.387      -14.419      -21.964
  898984.710       -1.798      -13.509       14.062        8.011
  674234.782       -0.699        3.821       -6.847      -23.313
  651349.790       -1.317       -3.650        5.920       -8.975
  767944.752       -1.049        1.197       -7.881      -15.509
  567479.817       -0.804        4.167      -19.109      -24.675
  619074.800       -1.417       -6.490       -3.380       -6.718
  845854.727       -0.793        4.757      -13.964       -6.423
  576124.814        1.098        1.149       -0.690      -15.118
  970934.687        0.970        2.553      -11.536      -27.451
  924759.702        1.460       -8.256        0.534       -0.412
  683254.780       -0.440       -7.123       -8.446       14.801
  571809.816       -0.150      -26.898       13.766       15.810
  733239.763        0.721        4.359      -23.203      -13.412
  884004.715        1.478       -8.829       -0.548        2.870
  551589.822       -1.102       -0.647       -1.689        1.326
  692599.777        0.965        2.371        3.956      -13.795
  956414.691       -1.126       -0.880      -11.351      -17.068
  720544.768        1.883      -14.892       11.459       38.046
  952959.693       -0.214      -23.439       13.393       19.045
  567644.817       -0.764        4.436      -10.061      -27.956
  974939.685       -0.478       -4.838      -12.433       -3.027
  777959.749       -1.178       -0.087       -7.643      -15.411
  729664.765       -0.467       -5.544       -5.823       -0.172
  949514.694        0.506       -2.354       -9.162      -10.784
  740599.761       -0.094      -28.783       27.670       27.579
  675454.782       -0.188      -25.408       17.509        9.359
  770194.752       -1.296       -2.749        2.011      -12.322
  777524.749       -1.821      -11.795        5.295       18.207
  779349.749       -1.186        0.227       -3.445       -3.114
  596134.808       -1.872      -15.804        4.965       18.758
  910389.706        1.509       -9.369        2.499        7.643
  567579.817       -0.798        4.255      -17.484       -9.978
  807989.739       -1.017        1.880      -11.629      -22.269
  929754.700        1.390       -6.410       -0.689       -2.161
  986899.682        0.971        2.930      -19.981      -21.008
  874499.718       -1.269       -3.028        1.962       -3.811
  908699.707        1.716      -12.957        7.054       14.494
  649359.791        0.535       -1.923       -8.894      -11.540
  616169.801       -1.706      -12.912       11.251       21.351
  885629.714        0.920        2.782      -13.522      -21.945
  828589.733       -0.826        4.919      -18.528      -16.906
  903649.708       -1.851      -13.063        9.739        6.884
  616499.801       -1.857      -14.381       12.794       21.374
  568584.817       -1.505      -10.106        3.328        1.537
  732669.764        0.531       -2.244       -1.704       -4.009
  585329.811       -1.713      -12.494       19.602       14.390
  714479.770        0.831        4.331      -19.614      -10.142
  665494.785        1.350       -3.988        0.204       -1.175
  785979.746       -1.127        1.320       -9.398      -18.731
  955684.692        0.749        5.323      -18.124      -18.923
  847694.727       -1.318       -4.219        2.179      -10.301
  720839.767        1.808      -13.648        7.124       30.224
  951629.693        1.322       -4.615       -4.096       -5.886
  684214.779        0.841        4.233       -9.855      -19.352
  822189.735       -0.376      -12.227       -2.609       15.821
  606414.804        1.486       -6.559       -2.379       10.420
  589299.810       -1.122       -0.334       -2.529       -3.427
  869149.720        0.649        3.084      -19.898      -17.507
  713799.770       -0.504       -3.335       -4.577       -2.754
  858079.723        1.844      -13.289        2.030        8.058
  698769.775       -1.306       -5.006       -1.912       -6.478
  843329.728        1.424       -7.059        1.455        5.153
  924309.702       -0.839        3.875      -16.230      -20.675
  675149.782        0.508       -3.514       -6.867       -4.344
  919529.703       -0.354      -13.859       -2.582       12.821
  921659.703       -0.114      -28.318       15.635       10.840
  841314.729        1.748      -13.273        5.150        7.576
  592464.809       -0.516       -2.971      -10.504      -10.431
  796669.743       -0.750        4.645       -9.913        2.127
  658479.788       -0.733        4.429      -11.111       -4.940
  970344.687       -0.809        4.142      -11.315      -11.413
  955089.692       -0.703        3.478      -14.599       13.004
  998909.678       -1.412       -7.873        5.390        4.578
  605989.805        1.573       -8.713        5.663        3.558
  543129.825       -0.086      -28.657       16.680       33.180
  823029.734       -0.052      -29.917        9.899       17.764
  743574.760       -1.168       -0.953       -9.344      -20.810
  812364.738       -1.153        0.012        8.284      -10.356
  939609.697        0.206      -23.466        2.741       13.854
  778464.749       -1.117        1.015       -5.958      -20.021
  615359.801       -1.244       -3.076        4.611       -0.922
  868374.720        1.940      -13.186       18.417       24.361
  683134.780       -0.519       -2.284      -15.024      -20.454
  910649.706        1.150       -2.436        3.241       -9.549
  813369.738       -0.097      -29.032       10.655       14.601
  985929.682       -0.281      -19.477        4.585        8.917
  511669.835       -1.862      -18.609       11.796       24.909
  776104.750       -0.510       -2.967       -8.301        2.481
  789569.745       -0.982        3.109        1.663      -27.662
  951104.693        1.915      -15.171       21.595       34.877
  650109.790       -1.718      -11.503       10.886       27.478
  712304.770       -1.244       -1.477        0.633       -4.301
  571169.816       -1.556      -10.527       13.048       11.554
  679784.781        0.512       -3.236      -12.519      -14.196
  599209.807       -0.307      -17.858       19.989       17.441
  668334.784       -0.008      -30.737       20.020       29.463
  771154.751       -1.070        1.410       -3.707       -9.766
  853899.725        0.250      -21.263       15.716       28.122
  973694.686       -0.891        3.242      -16.238      -15.245
  607149.804        1.467       -5.817       -2.994        1.281
  818079.736        1.809      -14.662        8.497       15.537
  675344.782       -0.134      -28.073       25.587       10.657
  515274.834       -0.271      -20.935       13.068       14.138
  744229.760        0.557       -0.147       -9.826       -8.631
  658949.787       -0.804        4.877       -2.519      -14.006
  692864.776        1.366       -5.497        1.268       16.705
  980564.684        1.063        1.056       -4.434      -11.613
  548184.823        0.459       -6.887       -0.019        9.173
  886464.714       -0.740        4.819      -17.441      -20.572
  911779.706        1.299       -4.936       -3.572      -12.117
  941429.696       -1.858      -14.217        4.396       17.755
  947359.694       -0.094      -28.851       12.688       15.358
  573879.815        0.752        4.823      -14.673      -17.544
  628829.797        0.077      -29.273       18.208       13.868
  872099.719       -0.039      -29.829       16.654       22.052
  581294.812       -1.930      -16.799       16.580       50.199
  616154.801       -1.646      -11.978       21.436       24.163
  884564.715        0.922        2.607      -10.522      -20.335
  774844.750        0.019      -30.464       29.726       34.703
  660464.787       -1.056        2.208       -4.756      -11.736
  683699.779       -0.390      -10.580       -3.393       -4.671
  854009.725        0.943        2.266      -11.555       -8.411
  934074.699       -1.409       -5.912        9.887       -6.233
  692304.777        1.423       -6.826        1.608        7.178
  726359.766       -1.256       -2.744       -6.686       -7.617
  883789.715        1.250       -4.844       -4.132        0.130
  508389.836        0.540       -1.308       -2.109       -2.669
  979179.684        1.201       -1.862       14.952      -13.395
  563364.818        1.362       -3.407        7.708       -3.103
  656314.788       -0.726        4.127      -16.077      -18.513
  778764.749       -1.628       -8.755       13.175       11.377
  711584.770       -1.376       -4.571       -0.750       -5.528
  934254.699       -1.130       -0.287       -5.998      -19.779
  512539.835       -1.955      -18.590        7.458       35.170
  511379.835       -1.726      -17.028       14.199        3.454
  845014.727        0.249      -21.690        5.247       18.285
  991904.680        0.239      -22.456        5.021       12.334
  978684.684        1.280       -3.751        1.132       -9.331
  553359.821       -1.522      -11.304        4.853       13.103
  688114.778        0.445       -6.752       -2.640       -0.535
  916209.704       -0.741        4.371      -17.840      -23.750
  812704.738       -0.827        4.536      -18.012      -17.749
  906084.708       -1.417       -5.115       -4.394      -15.826
  570389.816       -1.560      -11.265        0.707        1.917
  727064.765       -0.620        1.714       -9.641       -6.784
  685119.779       -0.683        4.159      -14.514       -8.548
  630239.797        1.803      -12.124       15.553       15.028
  609664.803        1.725      -10.065        6.917       15.991
  543689.825       -0.536       -0.559      -10.036       -5.737
  924369.702       -0.573        0.281       -6.557       -2.660
  872174.719       -0.042      -29.716       21.312       24.097
