  849549.726       -1.337       -4.403        3.825       -2.277
  697289.775       -0.718        4.336       -9.080       -1.784
  856269.724        1.932      -15.235       32.744       26.220
  507269.836        0.366      -13.010        0.570        3.648
  669319.784       -1.306       -3.924        2.170      -17.276
  719074.768        0.898        3.765        0.554        7.615
  589649.810       -0.908        3.086      -16.526      -18.101
  836594.730        1.057       -0.190      -16.159      -19.751
  849804.726       -0.647        3.450       -6.785       -8.105
  696879.775       -1.861      -14.529       14.206       17.399
  648524.791        1.331       -2.151       -3.713       -3.106
  594999.808        0.898        4.328        3.099      -12.288
  760294.755        1.936      -15.610       11.144       32.328
  855804.724        1.457       -7.931        0.265        0.313
  735004.763        1.919      -15.691        6.342       20.358
  841529.729        1.967      -16.337       22.076       21.368
  600004.806       -1.971      -15.079       32.743       28.478
  976439.685        1.557      -10.182        7.970       14.740
  797199.743        0.502       -3.744        7.505       15.140
  668924.784        0.087      -29.361        9.992       15.685
  679954.781        0.875        3.972      -15.937      -23.104
  983999.683       -0.616        1.695      -13.972      -15.668
  809904.739       -0.648        2.973       -9.630       -1.439
  500754.838        1.719      -11.527        5.574        2.524
  889399.713       -0.154      -26.246       18.734       11.371
  806069.740       -0.634        2.352      -18.067      -16.942
  949314.694       -0.029      -29.831       16.208       20.255
  540334.826       -0.174      -25.468       14.965       20.148
  655409.789       -0.818        4.384      -13.514      -17.088
  666349.785       -0.568       -0.120       -0.422       -9.530
  543564.825       -0.185      -24.217       23.739       49.297
  558704.820        1.593       -8.432       11.149        9.663
  778554.749       -1.059        1.853       -5.775       -7.866
  703639.773       -1.768      -11.964       15.196       24.162
  551084.822        0.004      -30.081       12.970       37.601
  576859.814        0.174      -25.867       14.441       14.736
  872194.719       -0.069      -29.224       21.615       18.720
  575939.814        1.750      -10.853        8.214        7.757
  782079.748       -1.891      -12.154        5.537       16.738
  649124.791        0.352      -14.465        4.522        5.896
  537874.826        1.251       -0.241       -3.194       -4.733
  919369.703       -0.635        2.480      -17.416      -21.436
  515539.834       -0.459       -7.022       -7.809       -7.331
  827019.733       -1.647       -9.860        8.710       11.515
  574199.815        0.814        4.914      -12.830      -18.903
  788934.745       -0.654        2.810      -14.797      -10.074
  695379.776       -0.856        4.002       -9.609      -16.526
  628959.797       -0.600        1.627      -15.927       -1.055
  802504.741        1.204       -3.651       -2.103        0.714
  937289.698        1.148       -0.905       -2.068      -12.905
  624304.799       -1.572       -8.803       -3.330        7.000
  616354.801       -1.884      -14.684        8.644       13.602
  936294.698        1.907      -15.039       11.287       16.460
  994729.679       -0.911        2.555       -5.507        7.444
  532579.828        1.601       -8.109        2.766        4.577
  897509.710       -1.839      -14.041        9.748       24.917
  922749.702        0.840        4.592      -14.157       -9.021
  607814.804        0.390      -11.068        5.406        0.513
  978049.684        1.249       -3.213        5.105        9.252
  570119.816       -1.883      -16.737        8.573       22.395
  974479.686       -0.584        0.861       -2.878       -1.268
  615569.801       -1.411       -7.221       -3.477        4.294
  665409.785        1.355       -4.081       -7.950        5.518
  776314.750       -1.188       -0.670       -0.728       -4.545
  922304.702        1.150       -1.180      -10.790       -8.715
  968369.688       -1.419       -6.564        7.716       -2.802
  589084.810       -0.214      -24.262       17.939       18.970
  975494.685        1.025        1.233       -6.683      -12.272
  992174.680       -1.300       -5.361        6.170       -7.465
  684749.779       -0.875        4.142       -2.714      -20.789
  762559.754       -1.220       -2.411        2.660       -7.308
  872894.718        0.553       -0.326      -12.254       -4.304
  905804.708       -0.817        4.877       -7.177      -21.610
  976314.685        1.642      -11.762        5.341       13.185
  511389.835       -1.756      -17.509        7.795       34.685
  840589.729        1.613      -11.190       15.532        7.219
  977099.685        1.968      -15.721       14.150       24.859
  586624.811        0.774        5.125      -22.394      -21.935
  769784.752       -1.302       -3.075        0.753       -9.663
  685149.779       -0.698        4.394      -15.963      -21.647
  963214.689        1.218       -2.594        7.900        3.937
  772004.751       -0.413       -9.636       -4.331       -1.882
  732169.764       -0.324      -15.830       -0.427        6.542
  984619.682       -0.353      -14.218        1.381       17.953
  508739.836        1.648       -8.403       10.789       16.396
  608914.804        1.117        0.897       -6.219      -18.281
  914969.705        1.257       -3.435       -6.041      -15.021
  659334.787       -0.775        4.939       -5.031       -6.645
  711434.770       -1.092        1.081      -10.836      -19.038
  953209.692       -0.426       -8.544       -0.976       12.064
  592279.809       -0.551       -1.218      -11.380       -6.377
  573104.815        0.688        3.832      -12.136      -24.070
  886184.714        0.120      -27.892       21.228       18.336
  986344.682       -0.058      -30.396       19.169       32.574
  972149.686        1.203       -2.473       -8.717      -13.571
  997864.678       -0.848        3.494       -1.889      -16.131
  759294.755        1.554       -9.768        3.568       -0.893
  664504.786       -0.396      -10.982        1.061        2.137
  671694.783        0.968        2.668       -9.533      -14.849
  718799.768        1.327       -4.612        7.181      -15.203
  853074.725       -0.535       -0.921      -12.792        0.710
  885104.714        1.374       -6.702        7.197        3.559
  530084.829       -1.863      -16.835        6.189       19.471
  505449.837        1.922      -12.593        6.056       35.623
  570814.816       -1.771      -14.941        2.773        7.719
  848219.726       -1.433       -6.842       -0.650       -1.041
  576074.814        1.301       -2.344       -2.140      -10.912
  800634.742       -0.985        2.706       -3.993       -7.204
  889324.713       -0.310      -16.374        7.272       24.737
  749019.758       -0.919        3.031       -5.467       -3.193
  723829.766        1.830      -13.664        3.618       17.710
  694959.776        1.106        0.035       -8.188        1.430
  571659.816       -0.538       -0.865      -12.343      -13.347
  609434.803        1.432       -4.496       11.591       -7.065
  815274.737       -1.200       -0.837        2.457       -3.890
  589024.810       -0.023      -30.820       11.323       11.773
  759499.755        1.849      -15.056        6.381       14.659
  627159.798        0.162      -26.264       18.582       20.078
  826069.734       -1.566       -8.716        4.987        0.164
  522059.832        1.402       -3.623       11.757        2.221
  890134.713        0.353      -13.171        5.011       -0.432
  659844.787       -1.489       -7.506        4.094        5.309
  758674.755        0.709        4.736      -19.810      -10.007
  796394.743       -0.825        4.503       -6.543      -13.838
  791639.745       -0.233      -22.428       24.457       20.062
  929664.700        1.727      -13.190        7.342       14.718
  820379.735        1.636      -11.441       22.194       26.879
  923709.702        0.394      -10.527       -1.154       -4.526
  539109.826       -0.551       -0.551      -16.116      -10.189
  986669.682       -0.558       -0.365      -18.056      -11.703
  943544.696        0.881        4.235      -14.019      -20.366
  839729.729       -0.897        3.906       -7.190      -22.167
  549109.823        0.647        2.417      -10.996       -3.671
  938444.697        0.514       -2.092      -11.329       -1.048
  573019.815        0.515       -2.948       -9.102        1.559
  907429.707        0.208      -23.715        6.067       11.542
  771804.751       -0.607        1.371       -7.184      -11.552
  884844.715        1.431       -7.891        3.241       -4.749
  785864.746       -0.448       -7.200       -8.866        0.625
  594454.808        1.864      -12.894        4.798       21.646
  765929.753       -1.921      -13.665       15.473       39.192
  990344.681        1.969      -15.248       13.526       16.434
  650449.790       -1.924      -12.990        7.885       23.327
  912744.706        0.822        4.306      -12.564      -19.817
  759584.755        1.880      -15.398        7.064       10.252
  729334.765        0.484       -4.934       -5.245      -12.871
  605519.805        1.326       -3.744        0.305       -4.925
  765274.753        0.852        4.708      -13.284      -15.726
  664624.786        0.067      -30.131       21.492       28.017
  677014.782       -1.148       -0.711       -4.570      -11.112
  911264.706        1.244       -4.079        2.645       -1.011
  740389.761       -0.772        4.428      -17.319      -19.647
  572194.815        0.542       -1.928        7.120        2.445
  716544.769        0.915        3.360       -3.840      -10.582
  919339.703       -0.841        4.105      -16.940      -25.951
  550669.822        0.823        4.312      -13.887      -12.123
  564904.818        1.951      -12.445       16.945       25.462
  582614.812       -1.860      -15.397       15.254       27.868
  538079.826        0.524       -2.913      -13.153      -13.212
  593919.808        1.152       -0.183       -6.040      -11.636
  938449.697        0.527       -1.320       -8.524       -5.045
  519264.832       -1.201       -3.442        0.554      -15.662
  505654.837        1.751      -10.195       17.400       22.656
  823604.734       -0.483       -4.229       -6.392      -15.002
  632434.796        1.385       -4.493       -8.310       -1.030
  981874.683        0.366      -13.052        5.133       -1.481
  828769.733        0.196      -25.091        6.604       15.286
  770944.751       -1.195       -0.537       -1.020      -12.246
  889994.713        0.570        0.818        0.708       -1.643
  602134.806       -0.426       -8.847        6.676       -3.132
  577419.814        0.344      -13.996        7.143        2.162
  628579.797       -0.642        3.004      -15.538      -20.116
  596779.807       -1.901      -15.951       12.718       31.355
  829699.732        1.028        0.000       -9.742      -16.134
  554019.821       -1.549      -11.407        5.132        2.599
  651559.790       -0.798        4.294       -4.184      -14.716
  952514.693        0.788        5.392       -8.892       -2.844
  837149.730        1.208       -3.267       -8.112      -19.107
  690179.777        1.439       -7.600        5.127       -2.498
  642999.793        0.859        4.183       -9.173       -5.400
  511579.835       -1.939      -19.424        9.003       32.039
  679844.781        0.743        4.472      -16.851      -21.178
  535089.827        1.348       -2.535       -2.762      -16.810
  669124.784       -0.995        2.409       -8.095       -9.240
  876379.717       -0.526       -1.325      -18.088      -10.170
  982639.683        0.105      -29.224       22.387       18.972
  809784.739       -0.793        4.554       -9.425      -25.430
  960764.690        0.273      -19.186       10.733        5.077
  822669.735       -0.657        3.268      -13.513      -16.238
  507394.836        0.710        4.647      -20.480      -13.576
  713299.770        0.676        3.557      -10.820      -17.744
  532289.828        0.274      -20.123        3.793       15.295
  806149.740       -0.697        3.824      -15.206      -17.521
  734399.763        0.919        3.571      -12.061      -22.206
  832279.732       -0.198      -24.752       13.350       25.288
  765509.753       -0.801        4.180      -19.115      -14.231
  605679.805        1.752      -11.999        7.034       17.522
  593219.809        0.984        2.730       -3.366      -11.113
  534814.827        0.932        3.736      -10.132      -17.025
  731894.764       -1.883      -12.299       12.519       13.642
  561689.819        0.643        2.232      -24.291      -13.335
  845384.727       -0.371      -12.265       17.046        2.479
  893909.712       -1.686      -12.522        2.293        7.502
  555389.821       -1.930      -17.688       10.182       16.163
  505839.837        1.710       -9.325       14.393       13.478
  553579.821       -1.456       -9.355        9.716       -2.183
  715839.769        1.144       -1.369       -2.569       -9.461
  637834.794       -1.439       -6.827       -0.895       -0.834
  520669.832       -0.913        2.362      -11.305      -22.359
  848489.726       -1.842      -14.231       21.747       15.663
  869944.719       -0.563        0.430      -10.664       -8.637
  750389.758        1.264       -3.422       -3.474       -1.821
  995979.679       -1.177       -2.653       -2.505      -13.008
  942644.696       -1.840      -13.638       12.725       20.476
  506839.836       -0.288      -20.147       10.385       10.224
  602599.806        0.277      -19.279        7.494       11.925
  630519.797        1.861      -12.708       11.125       11.349
  550354.822       -0.201      -23.409        5.880       13.202
  827354.733       -0.994        2.726      -10.683      -17.713
  513079.834       -1.095       -2.054      -10.102      -12.718
  823389.734       -0.720        4.434      -16.115      -17.005
  974914.685       -0.442       -7.239        6.709        0.818
  952379.693        0.688        4.759       -4.577      -18.656
  502804.838        1.654       -9.410        2.813        1.324
  694649.776        1.070        0.611       -5.666      -15.150
  922979.702        0.738        4.948       -5.188       -8.980
  836019.730        0.862        3.677      -21.613      -24.220
  773379.751        1.958      -15.980       15.546       23.820
  716549.769        0.822        4.492      -11.970       -8.746
  974664.686       -0.933        2.802       -3.006      -16.605
  767944.752       -1.049        1.197       -7.706      -16.459
  761589.754       -1.458       -8.137       -5.259       -0.949
  777249.749       -1.572       -8.165        9.233        4.809
  867259.720        1.812      -12.128       14.246       38.161
  613494.802        0.092      -29.388       10.477        9.085
  521419.832        1.006        3.024       -2.662       -3.182
  998069.678        0.516       -2.624      -11.404      -16.776
  927534.701        1.327       -5.044        3.901       -5.729
  990404.680        1.924      -14.824        8.151       26.678
  524319.831        1.963      -12.342        5.507       13.195
  792704.744        0.801        4.641       -5.277      -12.476
  894304.712       -1.511       -8.781       10.680       -1.816
  797994.743        0.840        4.237       -4.181      -16.162
  898444.710       -1.000        2.102       -3.926      -14.098
  935454.698        1.963      -16.012       22.313       31.338
  883669.715        0.850        3.801       -2.464       -5.636
  522364.831        1.889      -12.349       10.934       22.139
  740159.761       -0.241      -21.611        6.715       12.691
  673714.783        0.722        4.459       -4.402      -12.868
  791644.745       -0.305      -17.436        3.377       29.759
  592044.809        0.246      -21.287        7.745       16.728
  995044.679        0.015      -30.913       30.402       24.261
  812934.738        0.113      -28.305       12.729       11.922
  755659.756       -0.290      -18.221       18.031       22.333
  608904.804        1.148        0.394       -6.531        0.566
  891309.712       -1.339       -5.292       -5.956       -0.431
  544014.825       -0.302      -16.148       -4.789        5.241
  558404.820        1.184       -0.612       -5.113        6.710
  565499.818        1.556       -6.817        9.369       -0.604
  688269.778        0.597        1.564      -14.483      -12.570
  659809.787       -1.352       -4.280        3.392      -11.346
  591249.809        1.865      -12.974       13.971       33.476
  658424.788       -0.373      -12.918       -6.089        0.786
  969389.687       -0.940        2.363       -7.313       -5.209
  679739.781        0.201      -24.325       10.321       42.922
  818444.736        1.386       -7.216       -7.715       -7.999
  996059.679       -1.450       -8.879       11.045        1.711
  671584.783        0.761        4.520       -1.223       -9.762
  888354.713        0.192      -24.561       10.579        7.656
  831309.732        1.065       -0.545       -9.093      -13.549
  924074.702        0.409       -9.324        7.193        5.894
  944654.695        1.530       -9.414       -0.255        0.342
  932469.699       -1.083        0.175       -3.021      -19.837
  847929.726       -1.915      -15.217       22.547       11.696
  549179.823        0.804        4.434      -23.156      -17.424
  792189.744       -0.026      -30.429       21.067       10.147
  994529.679       -1.402       -7.605       -2.088       -7.918
  605674.805        1.783      -12.440       12.248       26.440
  582814.812       -1.260       -3.165       -1.627      -14.030
  756684.756        1.095        0.276       -4.273       -9.616
  947084.694        0.689        4.758      -13.869      -16.292
  897854.710       -0.924        3.236       -6.709      -15.036
  795994.743       -0.505       -3.190       -5.776      -15.541
  912309.706        0.645        3.070       -7.496       -0.359
  711164.771       -0.790        4.750      -13.434      -27.973
  905024.708       -1.148        0.200       -3.086       -6.825
  951619.693        1.318       -4.517       -4.284      -16.989
  777974.749       -1.323       -2.749       -2.152      -15.946
  968764.687       -0.853        3.395       -8.818      -20.594
  899444.710       -1.973      -14.807       12.116       19.869
  675619.782       -0.252      -21.340        1.831        1.093
  924969.702        1.892      -15.736        4.694       22.325
  790559.745       -0.416       -9.276        3.481       20.783
  548614.823        1.396       -3.815        2.270       -2.496
  570974.816       -1.617      -12.083        5.708       16.166
  740454.761       -0.815        4.344       -4.596       -7.214
  764514.753       -1.435       -6.486        1.120       -3.563
  524309.831        1.960      -12.319        5.959       21.835
  941304.696       -1.590      -10.083       -1.090        2.014
  568104.817       -1.148       -1.023       -8.480      -16.903
  900379.710       -1.030        1.721        0.005      -15.133
  899164.710       -1.890      -14.412        9.155       22.297
  968534.688       -1.247       -2.716        0.975       -5.685
  605909.805        1.381       -4.670        4.500       12.977
  935524.698        1.866      -14.978       12.972       16.815
  765609.753       -1.105        0.150       -5.432      -19.478
  951989.693        0.815        5.134      -21.442      -23.747
  899714.710       -1.733      -12.130        3.516       22.788
  765444.753       -0.424       -8.826       -7.314        2.229
  806004.740       -0.472       -5.645       -3.700       -0.940
  563409.818        1.517       -6.648        0.647        3.341
  682039.780        0.625        2.555      -15.554      -13.271
  664154.786        0.015      -31.032       21.025       29.531
  687184.778        0.415       -9.016       -5.039       -6.568
  713654.770       -0.177      -25.654       20.943       16.783
  626774.798       -0.451       -6.768       10.616       11.477
  709329.771       -1.854      -11.258        8.739       12.469
  768609.752       -1.578       -8.742       -1.782        6.697
  890819.713       -0.851        4.129      -15.842      -25.285
  969589.687       -0.817        3.898      -18.127      -22.540
  538034.826        0.921        4.051       -4.504      -14.637
  968729.687       -0.982        1.641       -0.038      -19.020
  915049.705        1.165       -1.516       -6.487       -3.018
  516154.833       -0.816        3.086      -16.598       -9.365
  703104.773       -0.942        3.249      -10.057      -21.372
  791914.745       -0.832        4.454       -8.775       -7.189
  831959.732       -0.923        3.713       -9.416       -8.716
  788529.746        0.483       -5.064       -9.653      -10.508
  973419.686       -0.011      -30.396       19.215       21.173
  989389.681        1.364       -5.233        9.530       14.636
  574339.815        0.372      -12.424        3.939        5.187
  532629.828        1.812      -11.390        9.961       17.739
  643484.792        0.908        3.834      -11.407      -23.566
  668174.784        0.571       -0.198       -7.928        0.801
  955359.692       -0.895        2.873      -11.857        2.790
  851339.725       -0.473       -4.871       -1.549       -2.123
  595484.808        0.755        5.141      -18.345      -25.154
  901359.709       -1.443       -6.118        2.609        7.252
  930064.700        0.322      -15.843       -3.174        2.711
  802989.741        1.603      -11.761        2.694        1.909
  815429.737       -0.294      -18.080        4.406        6.317
  943504.696        0.782        5.275       -9.291      -18.103
  847544.727       -1.164       -0.945       -5.740      -20.610
  727089.765       -0.634        2.166      -22.201      -17.093
  826134.733       -1.589       -9.156        3.209        4.311
  805034.740        0.984        1.674      -13.549       -7.928
  674834.782       -1.026        1.794      -11.914      -13.973
  771169.751       -0.929        3.255      -14.083       -9.976
  512909.835       -1.429       -9.534       -1.728       -7.059
  797009.743       -0.283      -18.815        8.510        2.504
  608539.804        1.090        1.193       -6.470      -11.323
  854844.724        1.886      -15.231        9.143       13.800
  604734.805       -0.500       -3.690       -4.884       -4.658
  778674.749       -1.371       -3.528       -2.475      -19.328
  535774.827        1.703       -9.150        5.959       18.617
  881434.716       -0.632        3.156       -8.433       -6.500
  911294.706        1.349       -6.121       -5.904       -5.935
  637354.794        1.071        1.423       -9.929      -15.731
  946429.695        0.191      -24.487       12.232       16.034
  827209.733       -1.164        0.135      -11.470      -16.240
  682949.780       -0.996        2.294       -8.939      -11.290
  725974.766       -0.562       -0.617      -15.305        0.417
  933229.699       -1.854      -13.995        8.472       16.825
  577644.814        0.571        0.695      -14.870      -16.109
  581129.813       -1.805      -15.363        9.053       25.381
  506494.837       -0.434       -9.730       -8.563       -9.213
  956149.692        0.034      -30.131       13.546       12.453
  726789.766       -1.228       -1.938       -4.491      -10.459
  549984.823       -0.429       -7.089       -3.115        9.806
  871599.719        0.782        4.551      -20.989      -31.489
  630939.796        1.574       -7.967       11.560        6.381
  564869.818        1.891      -11.994        4.751       10.293
  821464.735        1.177       -2.520      -10.787      -11.461
  975034.685       -0.156      -26.744       10.370       15.137
  988879.681        1.720      -12.710        5.141       24.942
  528074.830       -1.889      -18.063       11.056       22.388
  812449.738       -0.738        4.477      -11.136      -18.771
  867049.720        1.597       -9.489        3.921       -2.578
  554829.821       -1.313       -4.460        3.547       -5.475
  978244.684        0.910        3.724       -3.730       -3.560
  504154.837        1.237       -0.014        4.621      -18.189
  818529.736        1.376       -6.969        1.459      -16.084
  514374.834       -0.728        2.758      -11.383       -8.496
  837319.730        1.215       -3.329       -2.296      -10.342
  823974.734       -1.401       -5.660        0.175        5.543
  967154.688        0.489       -3.476       -9.094       -3.712
  686459.779        0.676        3.491      -11.277      -12.258
  695489.776       -1.231       -3.420       -7.877       -4.510
  936089.698        1.915      -15.234       17.348       24.402
  634389.795        0.596        0.812      -18.047      -12.573
  680139.781        0.698        4.011      -17.938      -20.447
  709259.771       -1.827      -11.132       12.124       24.758
  687709.778        0.714        4.280      -15.723      -16.730
  607919.804        0.511       -2.872        0.214       -7.257
  743954.760        0.311      -16.410       14.755       11.843
  970804.687        0.860        4.432       -3.345      -25.539
  547499.823       -1.177       -2.102       -1.203       -8.375
  672809.783        1.902      -13.851        5.660       27.893
  754639.757       -0.848        3.706       -9.826       -9.989
  747049.759        0.608        2.296      -11.417        6.884
  529644.829       -1.697      -14.619       12.591       -1.912
  916814.704        1.337       -5.024       -1.406       -3.953
  701204.774       -1.630      -10.686        9.336        9.319
  572474.815        0.269      -20.216        0.758        7.713
  577899.814       -0.784        3.596      -18.026      -25.824
  971534.687       -0.861        3.620       -9.651      -27.417
  731124.764       -1.595       -9.611       14.015        3.450
  898524.710       -1.049        1.332       -9.897      -17.666
  794834.744        0.322      -16.133       -0.619        9.137
  769699.752       -1.561       -8.180        8.654        2.809
  808184.739       -1.402       -5.787        6.902        8.712
  790494.745        0.057      -30.135       27.360       15.904
  868784.720        0.945        2.358      -12.401      -18.759
  907769.707        0.030      -29.962       15.183       20.657
  692879.776        1.369       -5.542        3.376       -0.052
  920384.703       -0.694        4.024      -16.290      -23.887
  570709.816       -1.755      -14.790        6.900        3.609
  573274.815        0.818        4.693      -23.253      -21.151
  548274.823        1.057        1.560       -8.165      -19.957
  981949.683        0.553       -0.387       -0.907       -5.095
  851084.725       -0.950        2.961      -14.723      -15.018
  676594.782       -0.148      -27.333       15.006       27.284
  616169.801       -1.706      -12.912       11.426       20.401
  641804.793       -1.230       -1.917        6.700       10.777
  794704.744        0.813        4.741      -18.504      -25.554
  906159.708       -1.418       -5.097        2.311       -5.984
  846134.727       -0.619        2.561      -12.320      -17.922
  572034.815        0.597        0.642       -5.300       -3.703
  955559.692       -0.125      -27.815       22.189       32.017
  918574.704        1.271       -3.456       -2.984      -13.077
  924199.702       -0.407       -9.764       -6.268       -1.829
  549514.823       -0.358      -12.350       -6.690       -4.539
  891759.712       -1.936      -16.212       11.997        6.152
  964229.689        1.722      -12.700        7.347       14.499
  754504.757       -0.926        2.750      -12.681      -13.954
  994619.679       -0.971        1.410       -3.407      -16.410
  870889.719        0.028      -30.183       22.751       11.715
  651304.790       -1.366       -4.764        3.633       -9.237
  637909.794       -1.767      -12.227        7.914       21.339
  956789.691       -1.427       -7.129       -3.123       -0.593
  756014.756        0.145      -26.451       20.068       13.036
  560289.819        1.168       -0.211       -8.356      -17.613
  957464.691       -1.520       -8.969       -2.317        3.528
  971769.687       -0.826        4.046      -17.929      -18.600
  825614.734       -1.169       -0.229       -3.631      -15.827
  951699.693        1.248       -2.982        2.072       -9.185
  938999.697       -0.449       -7.173       -6.988      -12.193
  524219.831        1.982      -12.595        3.716       21.131
  910194.706        1.700      -12.461        3.904       16.402
  982109.683        0.953        3.381      -11.198      -24.901
  616949.801       -1.772      -13.191       14.671       13.513
  501179.838        1.969      -14.593       16.120       23.467
  852849.725       -0.095      -29.171       25.219       21.855
  648789.791        0.976        3.100      -16.615      -15.356
  772839.751        0.003      -30.539       38.285       26.253
  611914.803        1.799      -10.543       16.886       15.369
  984514.682       -0.835        3.809      -17.247      -13.559
  802209.741        0.723        4.755      -21.207      -16.628
  686549.779       -0.571        0.829      -17.967       -7.463
  568074.817       -1.178       -1.688       -2.181       -4.333
  773324.751        1.833      -14.561        8.953       19.777
  651649.790       -0.747        4.171      -12.116      -22.668
  891449.712       -1.329       -4.992        5.776        4.747
  582684.812       -1.769      -14.245        9.298       -1.835
  673264.783        1.061        1.194       -3.262      -15.894
  562149.819        1.497       -6.325        7.303       -7.588
  660734.787       -0.726        4.655      -10.691      -22.496
  913919.705        0.974        2.030       -2.108        2.031
  999809.677       -1.666      -12.817        3.560        1.071
  946574.695       -0.797        3.737      -19.290      -23.509
  622299.799       -0.575        0.348      -15.964      -18.232
  862044.722        1.981      -14.144       10.858       17.112
  887699.714        1.702      -11.978        8.423       29.110
  848424.726       -1.754      -12.980        9.988        9.798
  721179.767        1.400       -5.848       -4.089       -2.780
  571594.816       -0.613        2.292       -3.636      -12.074
  807034.740       -0.107      -28.970       17.072       10.493
  830724.732        1.711      -13.022        9.954       12.615
  978629.684        1.361       -5.588        0.172      -14.592
  955619.692        0.548       -0.141      -17.418       -0.471
  686469.779        0.609        1.610      -14.769       -3.592
  799634.742       -0.085      -29.394       10.650       26.854
  626434.798        0.784        4.191       -1.002       -0.910
  907394.707        0.414       -9.202      -11.135       -2.749
  656489.788       -0.552       -1.209      -11.557      -13.295
  964139.689        1.820      -14.190       10.401       19.556
  500924.838        1.903      -14.126       18.120       23.001
  903834.708       -1.820      -12.630        7.546        5.986
  534509.828        1.784      -10.523       14.700       18.179
  575339.814        1.188       -0.558       -8.682      -16.979
  995169.679        0.220      -23.659       17.972       31.512
  687814.778        0.347      -13.886       19.272        6.694
  731254.764       -1.776      -11.833       21.350       19.765
  709354.771       -1.862      -11.323        8.185       22.487
  579924.813       -1.311       -4.658        9.272       -2.609
  805144.740        0.855        4.258      -15.474      -29.256
  560989.819       -0.550        0.182      -16.588       -4.318
  898884.710       -1.464       -7.157        0.726       -8.597
  634399.795        0.540       -1.760       -6.970        3.235
  591669.809        1.172       -0.529       -3.976      -13.565
